0	0
1	0
2	0
3	0
4	0
5	0
6	0
7	0
8	0
9	0
10	0
11	0
12	0
13	0
14	0
15	0
16	0
17	0
18	0
19	0
20	0
21	0
22	0
23	0
24	0
25	0
26	0
27	0
28	0
29	0
30	0
31	0
32	0
33	0
34	0
35	0
36	0
37	0
38	0
39	0
40	0
41	0
42	0
43	0
44	0
45	0
46	0
47	0
48	0
49	0
50	0
51	0
52	0
53	0
54	0
55	0
56	0
57	0
58	0
59	0
60	0
61	0
62	0
63	0
64	0
65	0
66	0
67	0
68	0
69	0
70	0
71	0
72	0
73	0
74	0
75	0
76	0
77	0
78	0
79	0
80	0
81	0
82	0
83	0
84	0
85	0
86	0
87	0
88	0
89	0
90	0
91	0
92	0
93	0
94	0
95	0
96	0
97	0
98	0
99	0
100	0
101	0
102	0
103	0
104	0
105	0
106	0
107	0
108	0
109	0
110	0
111	0
112	0
113	0
114	0
115	0
116	0
117	0
118	0
119	0
120	0
121	0
122	0
123	0
124	0
125	0
126	0
127	0
128	0
129	0
130	0
131	0
132	3
133	3
134	29
135	89
136	104
137	113
138	119
139	100
140	112
141	115
142	94
143	124
144	94
145	108
146	119
147	119
148	100
149	87
150	110
151	89
152	85
153	119
154	113
155	115
156	113
157	87
158	107
159	114
160	108
161	96
162	115
163	107
164	98
165	106
166	112
167	110
168	103
169	115
170	88
171	122
172	94
173	113
174	98
175	100
176	107
177	106
178	105
179	104
180	99
181	88
182	94
183	96
184	115
185	109
186	111
187	109
188	99
189	82
190	86
191	102
192	76
193	88
194	122
195	100
196	100
197	113
198	108
199	95
200	106
201	104
202	93
203	94
204	106
205	112
206	77
207	98
208	98
209	93
210	90
211	98
212	112
213	103
214	103
215	95
216	91
217	113
218	102
219	101
220	96
221	81
222	88
223	101
224	91
225	101
226	102
227	88
228	92
229	108
230	107
231	90
232	80
233	110
234	101
235	97
236	89
237	100
238	101
239	103
240	104
241	107
242	121
243	100
244	86
245	106
246	87
247	115
248	95
249	112
250	88
251	96
252	113
253	88
254	115
255	73
256	103
257	78
258	106
259	85
260	80
261	101
262	69
263	91
264	91
265	90
266	81
267	94
268	83
269	92
270	95
271	99
272	105
273	107
274	91
275	95
276	85
277	97
278	96
279	100
280	91
281	93
282	102
283	101
284	101
285	108
286	94
287	83
288	91
289	104
290	106
291	96
292	84
293	112
294	93
295	88
296	105
297	90
298	76
299	106
300	89
301	103
302	93
303	95
304	109
305	88
306	99
307	90
308	86
309	109
310	97
311	100
312	99
313	84
314	92
315	87
316	103
317	91
318	104
319	86
320	100
321	98
322	96
323	107
324	92
325	91
326	99
327	92
328	90
329	87
330	102
331	90
332	104
333	119
334	90
335	109
336	103
337	104
338	92
339	89
340	91
341	114
342	100
343	94
344	89
345	97
346	83
347	107
348	120
349	106
350	87
351	102
352	105
353	103
354	137
355	122
356	128
357	152
358	151
359	174
360	160
361	143
362	149
363	107
364	134
365	150
366	152
367	180
368	181
369	191
370	258
371	254
372	182
373	174
374	168
375	112
376	118
377	102
378	74
379	101
380	113
381	113
382	102
383	107
384	93
385	81
386	103
387	105
388	90
389	102
390	81
391	99
392	87
393	100
394	107
395	99
396	90
397	106
398	107
399	121
400	92
401	90
402	93
403	105
404	110
405	87
406	88
407	86
408	93
409	108
410	93
411	99
412	104
413	89
414	94
415	143
416	122
417	133
418	126
419	155
420	157
421	180
422	140
423	160
424	117
425	159
426	123
427	99
428	101
429	88
430	116
431	91
432	116
433	118
434	126
435	119
436	124
437	125
438	111
439	103
440	112
441	86
442	106
443	78
444	94
445	92
446	103
447	94
448	88
449	99
450	95
451	93
452	99
453	92
454	76
455	97
456	96
457	76
458	91
459	106
460	86
461	92
462	105
463	100
464	82
465	99
466	103
467	95
468	87
469	84
470	90
471	94
472	85
473	98
474	90
475	86
476	85
477	101
478	105
479	83
480	89
481	92
482	76
483	94
484	99
485	82
486	91
487	83
488	75
489	87
490	88
491	104
492	87
493	90
494	89
495	90
496	98
497	98
498	109
499	95
500	93
501	86
502	87
503	92
504	96
505	92
506	88
507	74
508	87
509	94
510	111
511	94
512	91
513	88
514	83
515	74
516	91
517	67
518	97
519	73
520	88
521	98
522	99
523	92
524	101
525	98
526	102
527	117
528	84
529	110
530	92
531	91
532	79
533	100
534	75
535	95
536	101
537	103
538	95
539	86
540	91
541	94
542	83
543	93
544	82
545	96
546	104
547	110
548	96
549	90
550	92
551	110
552	108
553	90
554	113
555	95
556	102
557	92
558	86
559	96
560	91
561	114
562	75
563	99
564	92
565	85
566	95
567	103
568	92
569	95
570	98
571	78
572	103
573	102
574	84
575	85
576	90
577	112
578	81
579	96
580	95
581	105
582	84
583	88
584	96
585	92
586	83
587	92
588	83
589	92
590	94
591	88
592	92
593	71
594	78
595	93
596	96
597	79
598	85
599	93
600	93
601	103
602	95
603	86
604	110
605	93
606	87
607	78
608	106
609	99
610	102
611	83
612	99
613	83
614	97
615	94
616	81
617	97
618	78
619	110
620	79
621	95
622	86
623	75
624	105
625	75
626	92
627	91
628	90
629	94
630	100
631	91
632	64
633	82
634	108
635	94
636	87
637	81
638	90
639	102
640	87
641	92
642	80
643	85
644	111
645	104
646	91
647	106
648	89
649	101
650	85
651	77
652	79
653	85
654	106
655	101
656	97
657	73
658	106
659	100
660	90
661	101
662	82
663	103
664	77
665	78
666	87
667	82
668	103
669	94
670	100
671	92
672	102
673	91
674	92
675	90
676	93
677	98
678	85
679	79
680	88
681	88
682	94
683	84
684	87
685	98
686	89
687	106
688	93
689	89
690	95
691	95
692	99
693	107
694	97
695	91
696	89
697	93
698	96
699	87
700	90
701	91
702	99
703	96
704	86
705	95
706	90
707	110
708	87
709	88
710	97
711	97
712	75
713	83
714	87
715	80
716	90
717	84
718	86
719	88
720	78
721	97
722	90
723	70
724	76
725	84
726	71
727	100
728	89
729	91
730	89
731	88
732	99
733	99
734	96
735	89
736	106
737	101
738	88
739	87
740	86
741	60
742	87
743	92
744	93
745	94
746	99
747	78
748	93
749	83
750	81
751	76
752	79
753	85
754	91
755	86
756	105
757	84
758	86
759	84
760	72
761	71
762	113
763	84
764	95
765	85
766	84
767	83
768	97
769	106
770	94
771	90
772	98
773	99
774	98
775	91
776	92
777	67
778	78
779	98
780	88
781	81
782	73
783	93
784	92
785	90
786	79
787	88
788	86
789	101
790	84
791	84
792	103
793	85
794	88
795	79
796	78
797	72
798	100
799	86
800	94
801	94
802	86
803	93
804	76
805	87
806	77
807	77
808	63
809	82
810	93
811	95
812	86
813	85
814	80
815	79
816	92
817	99
818	86
819	68
820	90
821	76
822	89
823	75
824	94
825	90
826	87
827	90
828	87
829	83
830	96
831	87
832	83
833	85
834	87
835	78
836	94
837	102
838	95
839	77
840	82
841	84
842	70
843	88
844	79
845	77
846	88
847	89
848	86
849	90
850	94
851	83
852	81
853	79
854	71
855	76
856	89
857	77
858	90
859	86
860	82
861	79
862	99
863	91
864	75
865	92
866	95
867	97
868	78
869	80
870	73
871	71
872	76
873	80
874	89
875	86
876	84
877	97
878	84
879	80
880	83
881	81
882	64
883	94
884	75
885	85
886	93
887	68
888	79
889	84
890	78
891	67
892	87
893	82
894	84
895	91
896	88
897	74
898	77
899	84
900	65
901	79
902	83
903	98
904	80
905	84
906	80
907	73
908	97
909	76
910	98
911	89
912	92
913	86
914	75
915	76
916	82
917	72
918	93
919	90
920	84
921	82
922	59
923	72
924	91
925	72
926	85
927	74
928	88
929	71
930	90
931	87
932	99
933	84
934	86
935	81
936	70
937	87
938	78
939	78
940	74
941	77
942	80
943	70
944	85
945	80
946	92
947	86
948	76
949	82
950	81
951	71
952	88
953	85
954	75
955	81
956	77
957	71
958	96
959	82
960	76
961	79
962	71
963	69
964	79
965	89
966	71
967	91
968	82
969	82
970	79
971	76
972	85
973	77
974	86
975	95
976	81
977	82
978	71
979	66
980	81
981	90
982	70
983	88
984	78
985	88
986	85
987	92
988	89
989	83
990	93
991	77
992	69
993	91
994	78
995	77
996	90
997	87
998	66
999	78
1000	82
1001	78
1002	77
1003	72
1004	78
1005	73
1006	76
1007	77
1008	85
1009	77
1010	78
1011	86
1012	70
1013	80
1014	85
1015	86
1016	77
1017	81
1018	90
1019	89
1020	87
1021	75
1022	75
1023	97
1024	112
1025	86
1026	88
1027	108
1028	85
1029	76
1030	67
1031	95
1032	78
1033	86
1034	81
1035	91
1036	82
1037	64
1038	84
1039	86
1040	72
1041	86
1042	92
1043	80
1044	73
1045	79
1046	72
1047	78
1048	86
1049	73
1050	79
1051	71
1052	80
1053	86
1054	77
1055	89
1056	107
1057	77
1058	82
1059	79
1060	72
1061	99
1062	65
1063	83
1064	83
1065	82
1066	81
1067	95
1068	98
1069	86
1070	85
1071	101
1072	79
1073	78
1074	62
1075	82
1076	102
1077	87
1078	103
1079	94
1080	100
1081	106
1082	101
1083	98
1084	81
1085	76
1086	106
1087	78
1088	77
1089	90
1090	93
1091	100
1092	77
1093	107
1094	86
1095	91
1096	78
1097	93
1098	99
1099	80
1100	94
1101	97
1102	91
1103	100
1104	98
1105	103
1106	91
1107	92
1108	116
1109	85
1110	112
1111	96
1112	93
1113	90
1114	99
1115	101
1116	90
1117	110
1118	106
1119	87
1120	89
1121	95
1122	83
1123	92
1124	102
1125	97
1126	88
1127	93
1128	87
1129	91
1130	84
1131	89
1132	95
1133	117
1134	84
1135	103
1136	72
1137	84
1138	104
1139	100
1140	78
1141	98
1142	91
1143	103
1144	106
1145	114
1146	108
1147	88
1148	85
1149	105
1150	102
1151	106
1152	91
1153	87
1154	103
1155	111
1156	102
1157	104
1158	94
1159	77
1160	89
1161	96
1162	90
1163	83
1164	104
1165	92
1166	106
1167	94
1168	90
1169	85
1170	97
1171	107
1172	91
1173	101
1174	104
1175	88
1176	88
1177	106
1178	101
1179	117
1180	92
1181	81
1182	86
1183	95
1184	103
1185	105
1186	84
1187	94
1188	87
1189	91
1190	96
1191	94
1192	93
1193	102
1194	106
1195	98
1196	92
1197	100
1198	102
1199	81
1200	84
1201	92
1202	92
1203	98
1204	117
1205	94
1206	90
1207	94
1208	104
1209	106
1210	86
1211	109
1212	87
1213	106
1214	86
1215	92
1216	89
1217	98
1218	91
1219	80
1220	93
1221	85
1222	79
1223	94
1224	96
1225	104
1226	103
1227	96
1228	93
1229	111
1230	97
1231	106
1232	95
1233	96
1234	107
1235	90
1236	87
1237	103
1238	94
1239	90
1240	94
1241	95
1242	103
1243	111
1244	79
1245	115
1246	78
1247	98
1248	90
1249	80
1250	114
1251	82
1252	77
1253	81
1254	97
1255	82
1256	97
1257	83
1258	105
1259	87
1260	86
1261	104
1262	96
1263	101
1264	78
1265	91
1266	93
1267	92
1268	104
1269	105
1270	78
1271	88
1272	88
1273	100
1274	88
1275	94
1276	76
1277	71
1278	92
1279	106
1280	98
1281	109
1282	76
1283	102
1284	100
1285	91
1286	97
1287	104
1288	94
1289	108
1290	103
1291	83
1292	102
1293	91
1294	92
1295	89
1296	108
1297	89
1298	105
1299	94
1300	94
1301	93
1302	86
1303	98
1304	89
1305	99
1306	101
1307	103
1308	94
1309	91
1310	95
1311	87
1312	88
1313	96
1314	81
1315	95
1316	102
1317	94
1318	92
1319	111
1320	84
1321	100
1322	101
1323	90
1324	104
1325	104
1326	100
1327	80
1328	97
1329	93
1330	113
1331	90
1332	80
1333	96
1334	85
1335	88
1336	105
1337	97
1338	95
1339	107
1340	83
1341	93
1342	92
1343	90
1344	107
1345	108
1346	94
1347	103
1348	78
1349	86
1350	81
1351	115
1352	79
1353	96
1354	84
1355	95
1356	86
1357	84
1358	89
1359	95
1360	88
1361	83
1362	95
1363	86
1364	86
1365	98
1366	93
1367	75
1368	116
1369	115
1370	101
1371	78
1372	89
1373	82
1374	90
1375	96
1376	84
1377	110
1378	77
1379	98
1380	79
1381	88
1382	97
1383	94
1384	87
1385	86
1386	94
1387	91
1388	79
1389	94
1390	92
1391	81
1392	101
1393	90
1394	86
1395	86
1396	96
1397	82
1398	75
1399	97
1400	82
1401	99
1402	87
1403	95
1404	80
1405	88
1406	102
1407	74
1408	70
1409	73
1410	88
1411	106
1412	89
1413	85
1414	73
1415	76
1416	89
1417	78
1418	85
1419	78
1420	67
1421	79
1422	90
1423	76
1424	85
1425	84
1426	73
1427	89
1428	78
1429	82
1430	68
1431	93
1432	88
1433	89
1434	76
1435	74
1436	89
1437	79
1438	83
1439	69
1440	77
1441	81
1442	83
1443	80
1444	105
1445	79
1446	83
1447	72
1448	95
1449	101
1450	90
1451	79
1452	86
1453	90
1454	88
1455	96
1456	72
1457	90
1458	73
1459	74
1460	81
1461	80
1462	83
1463	83
1464	89
1465	72
1466	80
1467	78
1468	101
1469	79
1470	78
1471	97
1472	80
1473	76
1474	86
1475	94
1476	84
1477	67
1478	89
1479	90
1480	66
1481	76
1482	94
1483	79
1484	79
1485	71
1486	83
1487	94
1488	87
1489	70
1490	78
1491	70
1492	74
1493	98
1494	72
1495	85
1496	94
1497	84
1498	71
1499	85
1500	84
1501	87
1502	94
1503	84
1504	78
1505	82
1506	73
1507	79
1508	92
1509	84
1510	71
1511	102
1512	81
1513	94
1514	77
1515	80
1516	74
1517	88
1518	76
1519	78
1520	75
1521	88
1522	75
1523	94
1524	89
1525	76
1526	75
1527	74
1528	83
1529	80
1530	88
1531	101
1532	82
1533	77
1534	75
1535	83
1536	74
1537	96
1538	108
1539	82
1540	79
1541	74
1542	81
1543	82
1544	67
1545	84
1546	78
1547	57
1548	98
1549	82
1550	68
1551	80
1552	69
1553	58
1554	69
1555	80
1556	85
1557	77
1558	75
1559	85
1560	83
1561	64
1562	71
1563	80
1564	80
1565	77
1566	68
1567	67
1568	67
1569	72
1570	67
1571	70
1572	71
1573	86
1574	72
1575	81
1576	77
1577	88
1578	84
1579	63
1580	72
1581	69
1582	73
1583	87
1584	72
1585	77
1586	73
1587	77
1588	84
1589	90
1590	80
1591	85
1592	76
1593	79
1594	95
1595	83
1596	75
1597	78
1598	79
1599	92
1600	89
1601	86
1602	87
1603	93
1604	91
1605	89
1606	76
1607	87
1608	60
1609	89
1610	79
1611	80
1612	59
1613	76
1614	72
1615	78
1616	94
1617	82
1618	81
1619	92
1620	73
1621	83
1622	81
1623	56
1624	86
1625	71
1626	64
1627	79
1628	88
1629	71
1630	81
1631	63
1632	79
1633	67
1634	65
1635	71
1636	66
1637	75
1638	65
1639	75
1640	81
1641	72
1642	63
1643	66
1644	67
1645	79
1646	79
1647	91
1648	88
1649	59
1650	68
1651	85
1652	71
1653	75
1654	69
1655	70
1656	84
1657	77
1658	57
1659	71
1660	89
1661	86
1662	79
1663	79
1664	69
1665	74
1666	70
1667	67
1668	64
1669	60
1670	77
1671	85
1672	76
1673	73
1674	75
1675	55
1676	70
1677	70
1678	66
1679	78
1680	73
1681	78
1682	73
1683	67
1684	61
1685	68
1686	99
1687	77
1688	68
1689	72
1690	67
1691	69
1692	72
1693	62
1694	77
1695	77
1696	72
1697	75
1698	62
1699	76
1700	70
1701	73
1702	78
1703	90
1704	75
1705	59
1706	63
1707	80
1708	64
1709	67
1710	70
1711	74
1712	72
1713	78
1714	67
1715	71
1716	88
1717	71
1718	80
1719	66
1720	76
1721	67
1722	60
1723	67
1724	80
1725	68
1726	57
1727	67
1728	65
1729	72
1730	66
1731	75
1732	68
1733	75
1734	70
1735	62
1736	82
1737	70
1738	59
1739	54
1740	71
1741	59
1742	49
1743	76
1744	64
1745	87
1746	58
1747	75
1748	75
1749	82
1750	75
1751	75
1752	66
1753	71
1754	93
1755	72
1756	52
1757	64
1758	75
1759	51
1760	81
1761	59
1762	82
1763	77
1764	61
1765	85
1766	80
1767	61
1768	75
1769	67
1770	63
1771	74
1772	60
1773	63
1774	72
1775	73
1776	73
1777	76
1778	62
1779	68
1780	64
1781	69
1782	64
1783	70
1784	83
1785	73
1786	72
1787	62
1788	65
1789	78
1790	70
1791	65
1792	60
1793	68
1794	78
1795	71
1796	72
1797	63
1798	66
1799	62
1800	53
1801	66
1802	72
1803	74
1804	82
1805	68
1806	72
1807	49
1808	71
1809	70
1810	77
1811	62
1812	74
1813	91
1814	67
1815	89
1816	63
1817	62
1818	78
1819	79
1820	76
1821	59
1822	60
1823	84
1824	73
1825	62
1826	76
1827	79
1828	81
1829	74
1830	70
1831	72
1832	80
1833	66
1834	73
1835	63
1836	68
1837	80
1838	71
1839	72
1840	64
1841	84
1842	75
1843	73
1844	63
1845	59
1846	59
1847	73
1848	56
1849	63
1850	67
1851	44
1852	68
1853	63
1854	76
1855	74
1856	79
1857	61
1858	65
1859	61
1860	64
1861	77
1862	65
1863	73
1864	75
1865	84
1866	60
1867	76
1868	52
1869	69
1870	65
1871	57
1872	67
1873	74
1874	59
1875	63
1876	57
1877	66
1878	64
1879	62
1880	63
1881	78
1882	71
1883	52
1884	64
1885	72
1886	73
1887	63
1888	72
1889	52
1890	69
1891	62
1892	54
1893	55
1894	59
1895	51
1896	64
1897	67
1898	63
1899	66
1900	67
1901	53
1902	59
1903	74
1904	59
1905	65
1906	73
1907	66
1908	75
1909	63
1910	66
1911	60
1912	64
1913	65
1914	62
1915	72
1916	61
1917	67
1918	56
1919	62
1920	54
1921	55
1922	59
1923	68
1924	68
1925	58
1926	71
1927	64
1928	57
1929	67
1930	63
1931	72
1932	65
1933	61
1934	58
1935	79
1936	64
1937	64
1938	60
1939	46
1940	47
1941	63
1942	83
1943	65
1944	70
1945	61
1946	67
1947	77
1948	56
1949	83
1950	61
1951	58
1952	49
1953	69
1954	62
1955	59
1956	73
1957	64
1958	67
1959	50
1960	54
1961	65
1962	71
1963	52
1964	61
1965	65
1966	68
1967	61
1968	66
1969	69
1970	50
1971	50
1972	64
1973	60
1974	59
1975	70
1976	51
1977	54
1978	69
1979	63
1980	59
1981	64
1982	53
1983	62
1984	57
1985	58
1986	53
1987	73
1988	68
1989	46
1990	79
1991	66
1992	64
1993	61
1994	71
1995	57
1996	59
1997	58
1998	68
1999	67
2000	57
2001	69
2002	51
2003	59
2004	74
2005	68
2006	56
2007	66
2008	58
2009	62
2010	63
2011	67
2012	61
2013	77
2014	64
2015	61
2016	56
2017	64
2018	59
2019	74
2020	69
2021	69
2022	55
2023	56
2024	70
2025	62
2026	60
2027	54
2028	62
2029	79
2030	50
2031	62
2032	73
2033	63
2034	52
2035	47
2036	66
2037	51
2038	58
2039	67
2040	58
2041	54
2042	69
2043	66
2044	70
2045	53
2046	68
2047	63
2048	73
2049	71
2050	62
2051	51
2052	62
2053	52
2054	69
2055	57
2056	63
2057	78
2058	67
2059	50
2060	59
2061	65
2062	61
2063	62
2064	59
2065	76
2066	57
2067	47
2068	52
2069	54
2070	59
2071	58
2072	72
2073	62
2074	55
2075	67
2076	73
2077	65
2078	43
2079	53
2080	64
2081	55
2082	65
2083	47
2084	71
2085	56
2086	68
2087	60
2088	65
2089	48
2090	46
2091	62
2092	77
2093	68
2094	60
2095	61
2096	56
2097	56
2098	67
2099	82
2100	55
2101	61
2102	65
2103	54
2104	67
2105	53
2106	58
2107	48
2108	59
2109	57
2110	51
2111	47
2112	54
2113	76
2114	59
2115	55
2116	50
2117	69
2118	53
2119	72
2120	56
2121	60
2122	56
2123	68
2124	57
2125	64
2126	59
2127	48
2128	62
2129	41
2130	62
2131	64
2132	53
2133	72
2134	55
2135	64
2136	73
2137	54
2138	68
2139	74
2140	64
2141	61
2142	65
2143	67
2144	68
2145	54
2146	62
2147	66
2148	75
2149	56
2150	49
2151	55
2152	65
2153	53
2154	50
2155	62
2156	71
2157	63
2158	62
2159	61
2160	51
2161	68
2162	69
2163	54
2164	55
2165	71
2166	70
2167	50
2168	56
2169	57
2170	69
2171	46
2172	62
2173	64
2174	51
2175	65
2176	52
2177	54
2178	44
2179	55
2180	50
2181	58
2182	66
2183	62
2184	52
2185	64
2186	52
2187	68
2188	50
2189	59
2190	56
2191	53
2192	52
2193	58
2194	68
2195	54
2196	61
2197	56
2198	64
2199	53
2200	61
2201	57
2202	56
2203	50
2204	70
2205	67
2206	44
2207	58
2208	53
2209	67
2210	59
2211	39
2212	79
2213	51
2214	73
2215	65
2216	60
2217	53
2218	63
2219	49
2220	65
2221	66
2222	49
2223	62
2224	52
2225	57
2226	57
2227	56
2228	71
2229	58
2230	65
2231	71
2232	65
2233	59
2234	62
2235	43
2236	54
2237	54
2238	66
2239	54
2240	49
2241	49
2242	53
2243	61
2244	55
2245	54
2246	68
2247	64
2248	59
2249	55
2250	58
2251	53
2252	62
2253	61
2254	57
2255	61
2256	45
2257	69
2258	55
2259	46
2260	44
2261	44
2262	57
2263	48
2264	50
2265	47
2266	61
2267	55
2268	51
2269	50
2270	65
2271	57
2272	67
2273	51
2274	63
2275	57
2276	56
2277	50
2278	63
2279	44
2280	52
2281	56
2282	58
2283	61
2284	72
2285	59
2286	56
2287	50
2288	77
2289	56
2290	62
2291	57
2292	60
2293	58
2294	56
2295	51
2296	59
2297	82
2298	42
2299	56
2300	53
2301	53
2302	49
2303	58
2304	66
2305	71
2306	55
2307	57
2308	64
2309	62
2310	57
2311	60
2312	52
2313	59
2314	63
2315	57
2316	49
2317	51
2318	48
2319	82
2320	60
2321	60
2322	53
2323	49
2324	61
2325	64
2326	63
2327	61
2328	50
2329	52
2330	51
2331	68
2332	46
2333	63
2334	66
2335	57
2336	52
2337	69
2338	65
2339	51
2340	67
2341	50
2342	61
2343	51
2344	62
2345	63
2346	55
2347	54
2348	59
2349	56
2350	69
2351	64
2352	47
2353	58
2354	66
2355	56
2356	62
2357	60
2358	60
2359	55
2360	54
2361	53
2362	51
2363	60
2364	57
2365	50
2366	48
2367	64
2368	57
2369	58
2370	42
2371	51
2372	55
2373	60
2374	64
2375	49
2376	37
2377	60
2378	60
2379	73
2380	60
2381	53
2382	48
2383	42
2384	56
2385	60
2386	61
2387	59
2388	61
2389	58
2390	61
2391	63
2392	59
2393	49
2394	54
2395	57
2396	39
2397	62
2398	64
2399	54
2400	62
2401	61
2402	60
2403	54
2404	71
2405	58
2406	60
2407	64
2408	61
2409	64
2410	54
2411	43
2412	52
2413	54
2414	53
2415	52
2416	77
2417	64
2418	45
2419	58
2420	62
2421	58
2422	53
2423	56
2424	62
2425	78
2426	49
2427	66
2428	64
2429	53
2430	55
2431	53
2432	57
2433	63
2434	61
2435	46
2436	49
2437	62
2438	51
2439	51
2440	54
2441	65
2442	56
2443	61
2444	58
2445	47
2446	52
2447	66
2448	59
2449	59
2450	68
2451	41
2452	45
2453	45
2454	46
2455	68
2456	66
2457	63
2458	69
2459	60
2460	49
2461	51
2462	47
2463	55
2464	47
2465	73
2466	53
2467	49
2468	60
2469	53
2470	69
2471	45
2472	48
2473	59
2474	68
2475	42
2476	45
2477	58
2478	63
2479	39
2480	61
2481	70
2482	57
2483	59
2484	66
2485	53
2486	48
2487	61
2488	63
2489	47
2490	45
2491	54
2492	56
2493	69
2494	67
2495	64
2496	45
2497	53
2498	58
2499	66
2500	55
2501	69
2502	60
2503	57
2504	56
2505	55
2506	49
2507	61
2508	66
2509	63
2510	70
2511	66
2512	74
2513	54
2514	55
2515	58
2516	51
2517	47
2518	61
2519	46
2520	46
2521	41
2522	58
2523	65
2524	55
2525	70
2526	64
2527	62
2528	52
2529	53
2530	70
2531	52
2532	53
2533	55
2534	52
2535	67
2536	65
2537	52
2538	56
2539	45
2540	55
2541	52
2542	55
2543	66
2544	56
2545	50
2546	56
2547	44
2548	56
2549	58
2550	46
2551	51
2552	53
2553	57
2554	56
2555	52
2556	38
2557	56
2558	66
2559	48
2560	49
2561	55
2562	52
2563	52
2564	44
2565	56
2566	60
2567	62
2568	55
2569	55
2570	48
2571	64
2572	64
2573	56
2574	60
2575	70
2576	62
2577	60
2578	56
2579	59
2580	43
2581	53
2582	68
2583	58
2584	50
2585	53
2586	52
2587	61
2588	63
2589	75
2590	65
2591	57
2592	58
2593	66
2594	58
2595	67
2596	67
2597	48
2598	47
2599	49
2600	51
2601	45
2602	67
2603	55
2604	58
2605	51
2606	63
2607	39
2608	57
2609	43
2610	45
2611	65
2612	61
2613	53
2614	58
2615	44
2616	71
2617	50
2618	58
2619	62
2620	46
2621	49
2622	65
2623	56
2624	54
2625	63
2626	62
2627	59
2628	57
2629	60
2630	52
2631	53
2632	47
2633	57
2634	55
2635	60
2636	62
2637	49
2638	45
2639	59
2640	74
2641	66
2642	52
2643	68
2644	67
2645	66
2646	53
2647	80
2648	73
2649	81
2650	77
2651	78
2652	72
2653	84
2654	85
2655	78
2656	80
2657	65
2658	58
2659	68
2660	67
2661	55
2662	85
2663	54
2664	51
2665	48
2666	55
2667	62
2668	53
2669	62
2670	54
2671	66
2672	61
2673	42
2674	61
2675	70
2676	66
2677	60
2678	43
2679	60
2680	51
2681	44
2682	57
2683	45
2684	55
2685	45
2686	65
2687	59
2688	73
2689	49
2690	60
2691	52
2692	47
2693	62
2694	61
2695	46
2696	58
2697	55
2698	64
2699	64
2700	52
2701	48
2702	53
2703	50
2704	45
2705	50
2706	56
2707	40
2708	58
2709	48
2710	48
2711	57
2712	68
2713	51
2714	52
2715	59
2716	53
2717	62
2718	66
2719	53
2720	56
2721	50
2722	65
2723	51
2724	52
2725	59
2726	59
2727	43
2728	48
2729	51
2730	49
2731	65
2732	66
2733	60
2734	53
2735	50
2736	59
2737	63
2738	56
2739	60
2740	51
2741	55
2742	58
2743	37
2744	54
2745	58
2746	42
2747	52
2748	59
2749	51
2750	50
2751	49
2752	61
2753	51
2754	63
2755	47
2756	51
2757	57
2758	62
2759	59
2760	48
2761	60
2762	58
2763	58
2764	52
2765	52
2766	60
2767	57
2768	54
2769	52
2770	57
2771	46
2772	47
2773	61
2774	65
2775	58
2776	57
2777	47
2778	40
2779	42
2780	51
2781	46
2782	56
2783	58
2784	48
2785	44
2786	51
2787	49
2788	66
2789	57
2790	47
2791	43
2792	56
2793	39
2794	56
2795	54
2796	66
2797	49
2798	66
2799	58
2800	54
2801	60
2802	55
2803	50
2804	56
2805	65
2806	60
2807	58
2808	56
2809	49
2810	56
2811	53
2812	59
2813	52
2814	49
2815	67
2816	60
2817	50
2818	52
2819	64
2820	54
2821	61
2822	40
2823	50
2824	61
2825	55
2826	62
2827	56
2828	59
2829	67
2830	59
2831	53
2832	56
2833	61
2834	55
2835	43
2836	60
2837	50
2838	67
2839	53
2840	52
2841	69
2842	53
2843	57
2844	50
2845	46
2846	38
2847	39
2848	61
2849	50
2850	46
2851	57
2852	53
2853	66
2854	49
2855	46
2856	58
2857	47
2858	44
2859	74
2860	64
2861	62
2862	55
2863	57
2864	65
2865	45
2866	43
2867	64
2868	45
2869	51
2870	48
2871	56
2872	70
2873	42
2874	46
2875	59
2876	55
2877	39
2878	53
2879	59
2880	50
2881	54
2882	46
2883	48
2884	54
2885	55
2886	47
2887	55
2888	57
2889	57
2890	58
2891	60
2892	67
2893	64
2894	46
2895	59
2896	51
2897	56
2898	44
2899	66
2900	40
2901	49
2902	41
2903	52
2904	51
2905	53
2906	57
2907	54
2908	59
2909	50
2910	40
2911	48
2912	49
2913	47
2914	68
2915	57
2916	59
2917	61
2918	62
2919	49
2920	60
2921	45
2922	55
2923	62
2924	46
2925	62
2926	50
2927	65
2928	51
2929	60
2930	63
2931	59
2932	49
2933	57
2934	43
2935	55
2936	58
2937	44
2938	51
2939	79
2940	56
2941	59
2942	53
2943	44
2944	55
2945	54
2946	48
2947	55
2948	53
2949	63
2950	56
2951	49
2952	53
2953	47
2954	70
2955	63
2956	51
2957	62
2958	51
2959	51
2960	53
2961	66
2962	60
2963	42
2964	47
2965	51
2966	54
2967	37
2968	59
2969	58
2970	51
2971	52
2972	61
2973	50
2974	44
2975	49
2976	61
2977	63
2978	59
2979	64
2980	54
2981	62
2982	50
2983	52
2984	67
2985	71
2986	59
2987	53
2988	38
2989	46
2990	55
2991	42
2992	60
2993	60
2994	60
2995	59
2996	50
2997	47
2998	46
2999	50
3000	47
3001	67
3002	52
3003	40
3004	46
3005	52
3006	56
3007	50
3008	51
3009	58
3010	46
3011	49
3012	54
3013	56
3014	53
3015	63
3016	43
3017	51
3018	52
3019	49
3020	65
3021	43
3022	55
3023	53
3024	49
3025	61
3026	66
3027	64
3028	59
3029	49
3030	43
3031	50
3032	66
3033	59
3034	54
3035	64
3036	58
3037	58
3038	61
3039	55
3040	57
3041	58
3042	70
3043	64
3044	65
3045	51
3046	61
3047	52
3048	53
3049	63
3050	63
3051	62
3052	51
3053	60
3054	59
3055	75
3056	51
3057	48
3058	38
3059	58
3060	53
3061	53
3062	68
3063	69
3064	53
3065	55
3066	49
3067	54
3068	50
3069	48
3070	61
3071	59
3072	66
3073	47
3074	55
3075	65
3076	59
3077	50
3078	66
3079	63
3080	56
3081	53
3082	45
3083	44
3084	49
3085	48
3086	59
3087	55
3088	65
3089	60
3090	48
3091	47
3092	60
3093	49
3094	44
3095	67
3096	64
3097	60
3098	58
3099	53
3100	64
3101	53
3102	49
3103	46
3104	61
3105	58
3106	59
3107	54
3108	43
3109	64
3110	57
3111	46
3112	61
3113	67
3114	50
3115	65
3116	57
3117	65
3118	46
3119	51
3120	56
3121	51
3122	63
3123	53
3124	44
3125	74
3126	56
3127	55
3128	68
3129	47
3130	72
3131	67
3132	55
3133	40
3134	51
3135	60
3136	48
3137	71
3138	53
3139	48
3140	47
3141	61
3142	56
3143	57
3144	64
3145	57
3146	64
3147	49
3148	59
3149	65
3150	56
3151	58
3152	67
3153	60
3154	60
3155	48
3156	52
3157	69
3158	54
3159	56
3160	50
3161	51
3162	59
3163	69
3164	64
3165	60
3166	52
3167	57
3168	66
3169	58
3170	56
3171	62
3172	47
3173	61
3174	61
3175	45
3176	64
3177	49
3178	60
3179	62
3180	46
3181	61
3182	49
3183	66
3184	58
3185	61
3186	62
3187	51
3188	57
3189	61
3190	70
3191	64
3192	54
3193	60
3194	48
3195	74
3196	43
3197	53
3198	44
3199	52
3200	55
3201	68
3202	53
3203	66
3204	51
3205	59
3206	55
3207	57
3208	61
3209	60
3210	61
3211	56
3212	71
3213	60
3214	55
3215	59
3216	61
3217	48
3218	59
3219	53
3220	57
3221	58
3222	52
3223	62
3224	59
3225	56
3226	52
3227	50
3228	68
3229	49
3230	53
3231	57
3232	55
3233	56
3234	48
3235	62
3236	53
3237	50
3238	62
3239	42
3240	50
3241	51
3242	59
3243	52
3244	52
3245	54
3246	67
3247	47
3248	72
3249	60
3250	49
3251	59
3252	52
3253	49
3254	46
3255	57
3256	57
3257	47
3258	49
3259	59
3260	52
3261	66
3262	74
3263	51
3264	55
3265	62
3266	54
3267	58
3268	58
3269	71
3270	55
3271	51
3272	53
3273	48
3274	52
3275	54
3276	71
3277	42
3278	73
3279	63
3280	53
3281	58
3282	61
3283	56
3284	50
3285	60
3286	62
3287	47
3288	69
3289	64
3290	59
3291	66
3292	41
3293	41
3294	55
3295	52
3296	55
3297	53
3298	58
3299	46
3300	49
3301	50
3302	58
3303	56
3304	59
3305	57
3306	61
3307	53
3308	57
3309	58
3310	60
3311	64
3312	53
3313	69
3314	52
3315	53
3316	51
3317	51
3318	63
3319	64
3320	49
3321	54
3322	55
3323	68
3324	58
3325	44
3326	54
3327	55
3328	75
3329	71
3330	51
3331	58
3332	53
3333	49
3334	45
3335	56
3336	57
3337	56
3338	60
3339	55
3340	61
3341	52
3342	51
3343	63
3344	51
3345	57
3346	51
3347	49
3348	59
3349	45
3350	51
3351	62
3352	49
3353	55
3354	58
3355	69
3356	66
3357	65
3358	53
3359	61
3360	71
3361	53
3362	58
3363	42
3364	59
3365	65
3366	59
3367	60
3368	67
3369	68
3370	65
3371	52
3372	59
3373	63
3374	45
3375	45
3376	61
3377	48
3378	69
3379	50
3380	64
3381	62
3382	46
3383	66
3384	62
3385	49
3386	51
3387	73
3388	53
3389	53
3390	50
3391	61
3392	56
3393	57
3394	61
3395	57
3396	35
3397	53
3398	50
3399	60
3400	42
3401	47
3402	66
3403	52
3404	55
3405	55
3406	49
3407	46
3408	53
3409	42
3410	52
3411	56
3412	46
3413	56
3414	65
3415	63
3416	53
3417	61
3418	69
3419	63
3420	68
3421	47
3422	55
3423	56
3424	66
3425	57
3426	58
3427	70
3428	54
3429	61
3430	70
3431	54
3432	55
3433	64
3434	51
3435	54
3436	60
3437	59
3438	54
3439	59
3440	59
3441	55
3442	58
3443	57
3444	54
3445	64
3446	47
3447	58
3448	63
3449	51
3450	57
3451	73
3452	58
3453	55
3454	57
3455	65
3456	53
3457	68
3458	60
3459	60
3460	54
3461	52
3462	71
3463	55
3464	58
3465	61
3466	59
3467	56
3468	49
3469	56
3470	63
3471	64
3472	64
3473	38
3474	59
3475	59
3476	52
3477	57
3478	60
3479	50
3480	62
3481	44
3482	47
3483	65
3484	58
3485	64
3486	58
3487	60
3488	54
3489	58
3490	59
3491	51
3492	57
3493	60
3494	48
3495	57
3496	59
3497	56
3498	48
3499	70
3500	59
3501	67
3502	62
3503	58
3504	51
3505	58
3506	53
3507	42
3508	47
3509	78
3510	66
3511	58
3512	51
3513	53
3514	41
3515	66
3516	56
3517	49
3518	64
3519	47
3520	62
3521	60
3522	58
3523	51
3524	72
3525	40
3526	48
3527	65
3528	58
3529	57
3530	71
3531	64
3532	58
3533	56
3534	53
3535	59
3536	51
3537	59
3538	63
3539	58
3540	52
3541	62
3542	72
3543	62
3544	55
3545	58
3546	51
3547	66
3548	48
3549	55
3550	69
3551	53
3552	54
3553	52
3554	60
3555	68
3556	60
3557	66
3558	54
3559	47
3560	75
3561	67
3562	54
3563	70
3564	57
3565	47
3566	59
3567	56
3568	68
3569	45
3570	62
3571	52
3572	58
3573	56
3574	48
3575	65
3576	64
3577	58
3578	58
3579	53
3580	64
3581	60
3582	63
3583	43
3584	68
3585	69
3586	51
3587	74
3588	47
3589	52
3590	55
3591	43
3592	55
3593	55
3594	56
3595	59
3596	66
3597	49
3598	54
3599	47
3600	54
3601	72
3602	63
3603	53
3604	50
3605	61
3606	42
3607	80
3608	61
3609	75
3610	53
3611	54
3612	53
3613	56
3614	58
3615	62
3616	69
3617	52
3618	56
3619	74
3620	51
3621	49
3622	57
3623	66
3624	59
3625	55
3626	59
3627	61
3628	55
3629	54
3630	67
3631	65
3632	54
3633	62
3634	62
3635	53
3636	59
3637	67
3638	46
3639	67
3640	72
3641	56
3642	77
3643	60
3644	63
3645	55
3646	47
3647	62
3648	52
3649	54
3650	60
3651	72
3652	70
3653	56
3654	81
3655	54
3656	53
3657	59
3658	55
3659	58
3660	48
3661	60
3662	56
3663	74
3664	60
3665	64
3666	57
3667	64
3668	59
3669	38
3670	53
3671	66
3672	63
3673	65
3674	56
3675	52
3676	61
3677	71
3678	65
3679	51
3680	78
3681	59
3682	57
3683	69
3684	48
3685	61
3686	55
3687	56
3688	50
3689	63
3690	61
3691	41
3692	55
3693	51
3694	66
3695	50
3696	54
3697	46
3698	58
3699	56
3700	63
3701	61
3702	63
3703	51
3704	54
3705	67
3706	66
3707	64
3708	55
3709	58
3710	55
3711	54
3712	50
3713	78
3714	58
3715	67
3716	71
3717	66
3718	68
3719	62
3720	69
3721	62
3722	52
3723	60
3724	56
3725	51
3726	62
3727	60
3728	67
3729	64
3730	68
3731	50
3732	56
3733	55
3734	53
3735	51
3736	56
3737	62
3738	55
3739	64
3740	49
3741	55
3742	49
3743	67
3744	65
3745	61
3746	57
3747	61
3748	49
3749	72
3750	61
3751	61
3752	60
3753	63
3754	57
3755	54
3756	58
3757	60
3758	64
3759	73
3760	64
3761	59
3762	64
3763	53
3764	64
3765	47
3766	62
3767	60
3768	47
3769	51
3770	80
3771	69
3772	68
3773	59
3774	63
3775	72
3776	56
3777	60
3778	57
3779	70
3780	46
3781	61
3782	55
3783	50
3784	55
3785	58
3786	67
3787	61
3788	66
3789	58
3790	69
3791	55
3792	66
3793	60
3794	65
3795	50
3796	44
3797	63
3798	61
3799	66
3800	46
3801	60
3802	66
3803	50
3804	60
3805	47
3806	52
3807	45
3808	59
3809	55
3810	58
3811	72
3812	66
3813	68
3814	70
3815	58
3816	73
3817	53
3818	65
3819	66
3820	67
3821	54
3822	57
3823	53
3824	62
3825	65
3826	68
3827	51
3828	60
3829	66
3830	57
3831	60
3832	63
3833	68
3834	58
3835	65
3836	56
3837	56
3838	58
3839	38
3840	62
3841	46
3842	65
3843	55
3844	61
3845	52
3846	56
3847	59
3848	57
3849	60
3850	55
3851	46
3852	69
3853	58
3854	75
3855	60
3856	64
3857	62
3858	56
3859	72
3860	57
3861	69
3862	78
3863	63
3864	71
3865	57
3866	61
3867	53
3868	57
3869	71
3870	66
3871	69
3872	47
3873	70
3874	68
3875	68
3876	72
3877	54
3878	67
3879	71
3880	54
3881	72
3882	53
3883	55
3884	65
3885	61
3886	40
3887	64
3888	53
3889	62
3890	68
3891	68
3892	65
3893	60
3894	58
3895	68
3896	71
3897	68
3898	65
3899	63
3900	62
3901	67
3902	65
3903	73
3904	56
3905	56
3906	56
3907	59
3908	53
3909	68
3910	50
3911	70
3912	63
3913	71
3914	71
3915	55
3916	68
3917	66
3918	60
3919	70
3920	62
3921	54
3922	68
3923	41
3924	48
3925	70
3926	63
3927	61
3928	54
3929	58
3930	71
3931	45
3932	46
3933	72
3934	69
3935	46
3936	72
3937	63
3938	57
3939	75
3940	57
3941	74
3942	73
3943	57
3944	69
3945	71
3946	49
3947	68
3948	55
3949	58
3950	50
3951	46
3952	69
3953	61
3954	49
3955	73
3956	59
3957	78
3958	69
3959	57
3960	59
3961	63
3962	79
3963	64
3964	67
3965	70
3966	57
3967	61
3968	58
3969	67
3970	59
3971	60
3972	66
3973	68
3974	64
3975	71
3976	49
3977	60
3978	70
3979	52
3980	63
3981	63
3982	61
3983	60
3984	67
3985	54
3986	58
3987	72
3988	60
3989	70
3990	65
3991	74
3992	61
3993	58
3994	64
3995	62
3996	61
3997	61
3998	72
3999	65
4000	57
4001	66
4002	48
4003	71
4004	55
4005	50
4006	63
4007	70
4008	69
4009	72
4010	66
4011	61
4012	84
4013	53
4014	59
4015	69
4016	75
4017	50
4018	71
4019	54
4020	70
4021	85
4022	69
4023	73
4024	57
4025	45
4026	70
4027	61
4028	65
4029	67
4030	68
4031	66
4032	56
4033	47
4034	67
4035	84
4036	58
4037	59
4038	68
4039	68
4040	67
4041	76
4042	63
4043	70
4044	58
4045	78
4046	46
4047	61
4048	61
4049	59
4050	59
4051	65
4052	58
4053	64
4054	59
4055	59
4056	56
4057	52
4058	53
4059	62
4060	57
4061	70
4062	63
4063	57
4064	51
4065	60
4066	48
4067	90
4068	61
4069	64
4070	67
4071	62
4072	68
4073	51
4074	55
4075	63
4076	63
4077	75
4078	56
4079	49
4080	66
4081	63
4082	59
4083	53
4084	56
4085	65
4086	66
4087	61
4088	59
4089	82
4090	69
4091	75
4092	55
4093	73
4094	79
4095	52
4096	74
4097	59
4098	79
4099	63
4100	63
4101	65
4102	74
4103	70
4104	71
4105	73
4106	66
4107	69
4108	74
4109	54
4110	65
4111	78
4112	62
4113	69
4114	65
4115	70
4116	61
4117	74
4118	61
4119	63
4120	53
4121	81
4122	66
4123	60
4124	73
4125	63
4126	73
4127	54
4128	74
4129	66
4130	59
4131	57
4132	62
4133	70
4134	55
4135	71
4136	68
4137	58
4138	52
4139	52
4140	61
4141	55
4142	62
4143	71
4144	75
4145	65
4146	65
4147	65
4148	62
4149	49
4150	73
4151	66
4152	55
4153	83
4154	61
4155	66
4156	73
4157	66
4158	64
4159	65
4160	78
4161	61
4162	74
4163	80
4164	65
4165	56
4166	65
4167	62
4168	62
4169	65
4170	59
4171	60
4172	64
4173	64
4174	65
4175	65
4176	85
4177	71
4178	53
4179	66
4180	67
4181	73
4182	76
4183	59
4184	73
4185	52
4186	63
4187	76
4188	66
4189	59
4190	63
4191	72
4192	78
4193	65
4194	64
4195	78
4196	63
4197	68
4198	80
4199	63
4200	53
4201	75
4202	69
4203	70
4204	74
4205	81
4206	75
4207	59
4208	67
4209	89
4210	70
4211	68
4212	62
4213	53
4214	68
4215	66
4216	70
4217	61
4218	64
4219	57
4220	71
4221	56
4222	62
4223	65
4224	67
4225	59
4226	81
4227	71
4228	73
4229	67
4230	72
4231	62
4232	80
4233	64
4234	63
4235	72
4236	65
4237	60
4238	65
4239	75
4240	61
4241	77
4242	75
4243	68
4244	76
4245	52
4246	80
4247	80
4248	68
4249	66
4250	71
4251	62
4252	55
4253	75
4254	73
4255	66
4256	68
4257	70
4258	54
4259	72
4260	71
4261	77
4262	57
4263	67
4264	57
4265	52
4266	58
4267	71
4268	58
4269	78
4270	69
4271	66
4272	66
4273	76
4274	77
4275	62
4276	66
4277	80
4278	69
4279	70
4280	79
4281	84
4282	63
4283	83
4284	72
4285	73
4286	67
4287	72
4288	75
4289	79
4290	79
4291	63
4292	66
4293	89
4294	69
4295	82
4296	80
4297	68
4298	59
4299	70
4300	77
4301	61
4302	88
4303	75
4304	56
4305	81
4306	72
4307	70
4308	62
4309	72
4310	71
4311	67
4312	69
4313	67
4314	58
4315	71
4316	63
4317	63
4318	68
4319	72
4320	81
4321	57
4322	70
4323	52
4324	68
4325	71
4326	73
4327	61
4328	61
4329	84
4330	60
4331	65
4332	63
4333	79
4334	55
4335	67
4336	65
4337	85
4338	81
4339	67
4340	90
4341	65
4342	58
4343	62
4344	67
4345	62
4346	67
4347	63
4348	67
4349	71
4350	73
4351	77
4352	79
4353	75
4354	69
4355	77
4356	73
4357	74
4358	66
4359	71
4360	62
4361	66
4362	70
4363	56
4364	86
4365	79
4366	74
4367	62
4368	77
4369	75
4370	74
4371	80
4372	80
4373	76
4374	77
4375	67
4376	70
4377	65
4378	84
4379	69
4380	64
4381	56
4382	69
4383	69
4384	80
4385	92
4386	77
4387	60
4388	80
4389	66
4390	81
4391	70
4392	67
4393	84
4394	72
4395	72
4396	67
4397	70
4398	75
4399	81
4400	88
4401	60
4402	68
4403	68
4404	72
4405	65
4406	72
4407	69
4408	84
4409	71
4410	73
4411	82
4412	63
4413	86
4414	80
4415	84
4416	76
4417	81
4418	72
4419	70
4420	92
4421	75
4422	77
4423	75
4424	72
4425	86
4426	79
4427	73
4428	82
4429	93
4430	82
4431	77
4432	72
4433	82
4434	67
4435	62
4436	82
4437	82
4438	74
4439	69
4440	69
4441	84
4442	74
4443	85
4444	82
4445	89
4446	71
4447	82
4448	76
4449	66
4450	73
4451	89
4452	74
4453	83
4454	73
4455	77
4456	89
4457	65
4458	71
4459	72
4460	99
4461	87
4462	76
4463	70
4464	68
4465	72
4466	87
4467	78
4468	78
4469	73
4470	81
4471	69
4472	62
4473	86
4474	80
4475	70
4476	76
4477	87
4478	67
4479	90
4480	67
4481	78
4482	75
4483	77
4484	73
4485	73
4486	69
4487	61
4488	67
4489	70
4490	72
4491	70
4492	77
4493	85
4494	73
4495	73
4496	70
4497	57
4498	82
4499	64
4500	79
4501	84
4502	74
4503	78
4504	68
4505	83
4506	65
4507	70
4508	66
4509	86
4510	79
4511	63
4512	76
4513	65
4514	71
4515	97
4516	79
4517	86
4518	68
4519	84
4520	74
4521	72
4522	76
4523	75
4524	90
4525	62
4526	97
4527	77
4528	61
4529	65
4530	93
4531	81
4532	67
4533	92
4534	74
4535	81
4536	73
4537	80
4538	81
4539	68
4540	83
4541	75
4542	73
4543	64
4544	60
4545	90
4546	92
4547	71
4548	70
4549	75
4550	70
4551	78
4552	76
4553	75
4554	90
4555	71
4556	77
4557	89
4558	80
4559	82
4560	69
4561	82
4562	89
4563	84
4564	78
4565	88
4566	80
4567	81
4568	78
4569	80
4570	79
4571	84
4572	73
4573	82
4574	70
4575	90
4576	68
4577	83
4578	82
4579	78
4580	78
4581	81
4582	79
4583	78
4584	93
4585	81
4586	100
4587	72
4588	61
4589	105
4590	91
4591	71
4592	85
4593	79
4594	78
4595	89
4596	90
4597	77
4598	91
4599	80
4600	71
4601	85
4602	57
4603	80
4604	80
4605	80
4606	81
4607	81
4608	84
4609	89
4610	87
4611	78
4612	78
4613	73
4614	95
4615	86
4616	86
4617	88
4618	97
4619	72
4620	94
4621	81
4622	96
4623	87
4624	88
4625	69
4626	75
4627	77
4628	85
4629	84
4630	93
4631	80
4632	86
4633	82
4634	77
4635	92
4636	83
4637	73
4638	94
4639	73
4640	82
4641	64
4642	90
4643	76
4644	78
4645	83
4646	83
4647	76
4648	70
4649	84
4650	94
4651	81
4652	90
4653	87
4654	101
4655	90
4656	97
4657	88
4658	85
4659	61
4660	83
4661	85
4662	82
4663	77
4664	86
4665	96
4666	74
4667	91
4668	76
4669	82
4670	91
4671	78
4672	97
4673	91
4674	79
4675	69
4676	68
4677	91
4678	88
4679	78
4680	74
4681	65
4682	82
4683	88
4684	92
4685	88
4686	94
4687	86
4688	86
4689	86
4690	83
4691	86
4692	90
4693	87
4694	90
4695	73
4696	91
4697	78
4698	89
4699	103
4700	90
4701	85
4702	87
4703	65
4704	86
4705	91
4706	91
4707	87
4708	93
4709	94
4710	83
4711	87
4712	82
4713	100
4714	76
4715	101
4716	103
4717	81
4718	83
4719	84
4720	91
4721	85
4722	82
4723	98
4724	77
4725	82
4726	91
4727	85
4728	98
4729	79
4730	86
4731	102
4732	95
4733	87
4734	93
4735	94
4736	91
4737	91
4738	80
4739	82
4740	88
4741	91
4742	76
4743	83
4744	98
4745	95
4746	78
4747	99
4748	93
4749	86
4750	93
4751	94
4752	94
4753	87
4754	94
4755	109
4756	83
4757	104
4758	94
4759	104
4760	94
4761	76
4762	84
4763	92
4764	94
4765	83
4766	105
4767	95
4768	88
4769	91
4770	78
4771	86
4772	98
4773	100
4774	100
4775	82
4776	101
4777	83
4778	87
4779	100
4780	111
4781	98
4782	69
4783	98
4784	107
4785	87
4786	92
4787	104
4788	105
4789	98
4790	83
4791	91
4792	89
4793	98
4794	84
4795	85
4796	86
4797	89
4798	94
4799	87
4800	95
4801	91
4802	108
4803	87
4804	97
4805	110
4806	100
4807	83
4808	97
4809	86
4810	106
4811	98
4812	89
4813	85
4814	82
4815	105
4816	91
4817	89
4818	96
4819	96
4820	102
4821	96
4822	106
4823	85
4824	92
4825	87
4826	87
4827	98
4828	96
4829	114
4830	94
4831	99
4832	88
4833	69
4834	98
4835	112
4836	94
4837	92
4838	79
4839	114
4840	108
4841	93
4842	86
4843	94
4844	96
4845	98
4846	103
4847	106
4848	96
4849	104
4850	90
4851	102
4852	100
4853	99
4854	98
4855	108
4856	103
4857	98
4858	107
4859	104
4860	102
4861	116
4862	89
4863	75
4864	88
4865	108
4866	116
4867	98
4868	95
4869	107
4870	98
4871	93
4872	89
4873	98
4874	108
4875	110
4876	92
4877	83
4878	97
4879	92
4880	97
4881	108
4882	110
4883	113
4884	93
4885	86
4886	106
4887	117
4888	117
4889	98
4890	101
4891	98
4892	99
4893	91
4894	93
4895	118
4896	132
4897	102
4898	105
4899	96
4900	94
4901	121
4902	124
4903	114
4904	103
4905	100
4906	110
4907	93
4908	97
4909	105
4910	108
4911	128
4912	110
4913	98
4914	94
4915	88
4916	110
4917	108
4918	100
4919	83
4920	121
4921	109
4922	96
4923	107
4924	119
4925	107
4926	109
4927	114
4928	88
4929	103
4930	127
4931	91
4932	112
4933	111
4934	98
4935	97
4936	125
4937	114
4938	86
4939	97
4940	98
4941	103
4942	112
4943	102
4944	110
4945	96
4946	112
4947	130
4948	102
4949	102
4950	100
4951	123
4952	99
4953	113
4954	109
4955	104
4956	102
4957	120
4958	112
4959	99
4960	92
4961	89
4962	93
4963	97
4964	110
4965	105
4966	103
4967	105
4968	99
4969	86
4970	110
4971	106
4972	98
4973	82
4974	107
4975	103
4976	102
4977	107
4978	93
4979	113
4980	126
4981	123
4982	102
4983	89
4984	102
4985	100
4986	104
4987	124
4988	96
4989	93
4990	91
4991	101
4992	80
4993	107
4994	110
4995	127
4996	109
4997	91
4998	106
4999	112
5000	99
5001	97
5002	111
5003	115
5004	89
5005	101
5006	99
5007	119
5008	91
5009	94
5010	99
5011	98
5012	104
5013	98
5014	107
5015	97
5016	83
5017	94
5018	85
5019	94
5020	115
5021	80
5022	91
5023	99
5024	93
5025	107
5026	84
5027	70
5028	95
5029	91
5030	99
5031	94
5032	101
5033	82
5034	75
5035	90
5036	93
5037	98
5038	69
5039	92
5040	91
5041	93
5042	82
5043	79
5044	75
5045	87
5046	93
5047	83
5048	89
5049	81
5050	93
5051	83
5052	83
5053	67
5054	68
5055	74
5056	88
5057	76
5058	86
5059	74
5060	80
5061	80
5062	78
5063	72
5064	71
5065	73
5066	89
5067	79
5068	94
5069	55
5070	75
5071	82
5072	73
5073	79
5074	74
5075	68
5076	88
5077	83
5078	74
5079	71
5080	77
5081	89
5082	84
5083	79
5084	77
5085	76
5086	80
5087	77
5088	60
5089	77
5090	81
5091	88
5092	69
5093	86
5094	72
5095	83
5096	74
5097	76
5098	82
5099	74
5100	69
5101	95
5102	77
5103	74
5104	89
5105	83
5106	88
5107	90
5108	57
5109	95
5110	75
5111	59
5112	71
5113	64
5114	80
5115	74
5116	68
5117	75
5118	56
5119	74
5120	73
5121	75
5122	73
5123	77
5124	72
5125	69
5126	77
5127	90
5128	78
5129	88
5130	81
5131	72
5132	66
5133	69
5134	82
5135	88
5136	69
5137	79
5138	74
5139	81
5140	74
5141	80
5142	81
5143	73
5144	74
5145	84
5146	85
5147	83
5148	83
5149	97
5150	75
5151	77
5152	74
5153	79
5154	78
5155	52
5156	70
5157	79
5158	72
5159	80
5160	87
5161	62
5162	79
5163	80
5164	76
5165	69
5166	73
5167	85
5168	87
5169	85
5170	70
5171	81
5172	75
5173	73
5174	68
5175	76
5176	75
5177	74
5178	88
5179	75
5180	79
5181	76
5182	90
5183	86
5184	66
5185	67
5186	66
5187	69
5188	56
5189	58
5190	69
5191	71
5192	71
5193	65
5194	64
5195	71
5196	71
5197	56
5198	71
5199	66
5200	71
5201	72
5202	75
5203	75
5204	77
5205	70
5206	73
5207	75
5208	63
5209	65
5210	64
5211	72
5212	74
5213	77
5214	83
5215	76
5216	65
5217	69
5218	68
5219	77
5220	65
5221	70
5222	75
5223	62
5224	70
5225	76
5226	65
5227	79
5228	69
5229	77
5230	71
5231	83
5232	72
5233	74
5234	62
5235	74
5236	67
5237	81
5238	79
5239	75
5240	72
5241	69
5242	75
5243	91
5244	68
5245	69
5246	74
5247	72
5248	75
5249	74
5250	65
5251	75
5252	63
5253	91
5254	82
5255	61
5256	57
5257	84
5258	82
5259	69
5260	77
5261	58
5262	61
5263	69
5264	61
5265	76
5266	80
5267	72
5268	69
5269	63
5270	66
5271	60
5272	71
5273	68
5274	80
5275	73
5276	66
5277	62
5278	68
5279	80
5280	61
5281	51
5282	65
5283	57
5284	100
5285	59
5286	69
5287	67
5288	81
5289	77
5290	58
5291	64
5292	59
5293	54
5294	90
5295	82
5296	76
5297	73
5298	74
5299	74
5300	64
5301	74
5302	75
5303	65
5304	69
5305	63
5306	69
5307	74
5308	60
5309	63
5310	71
5311	61
5312	65
5313	63
5314	43
5315	77
5316	79
5317	69
5318	73
5319	69
5320	57
5321	70
5322	69
5323	86
5324	69
5325	81
5326	57
5327	66
5328	79
5329	63
5330	62
5331	72
5332	70
5333	78
5334	78
5335	54
5336	66
5337	60
5338	75
5339	72
5340	63
5341	68
5342	72
5343	71
5344	70
5345	65
5346	69
5347	76
5348	74
5349	76
5350	56
5351	56
5352	59
5353	73
5354	65
5355	67
5356	61
5357	76
5358	65
5359	85
5360	71
5361	81
5362	55
5363	69
5364	71
5365	63
5366	59
5367	72
5368	59
5369	66
5370	74
5371	61
5372	65
5373	76
5374	75
5375	69
5376	56
5377	78
5378	60
5379	62
5380	65
5381	59
5382	55
5383	84
5384	66
5385	71
5386	55
5387	82
5388	76
5389	59
5390	74
5391	78
5392	68
5393	77
5394	56
5395	75
5396	57
5397	62
5398	54
5399	72
5400	68
5401	54
5402	61
5403	58
5404	57
5405	84
5406	60
5407	62
5408	59
5409	75
5410	66
5411	52
5412	61
5413	65
5414	65
5415	76
5416	53
5417	69
5418	69
5419	67
5420	65
5421	64
5422	71
5423	60
5424	58
5425	66
5426	62
5427	72
5428	64
5429	59
5430	72
5431	56
5432	60
5433	68
5434	63
5435	52
5436	81
5437	72
5438	73
5439	76
5440	70
5441	67
5442	63
5443	74
5444	69
5445	52
5446	62
5447	52
5448	44
5449	50
5450	64
5451	49
5452	83
5453	74
5454	69
5455	76
5456	62
5457	71
5458	60
5459	64
5460	60
5461	62
5462	55
5463	59
5464	63
5465	65
5466	66
5467	67
5468	61
5469	63
5470	67
5471	59
5472	83
5473	67
5474	63
5475	58
5476	56
5477	66
5478	71
5479	64
5480	54
5481	65
5482	73
5483	51
5484	76
5485	56
5486	59
5487	74
5488	60
5489	64
5490	64
5491	69
5492	62
5493	56
5494	74
5495	70
5496	58
5497	73
5498	63
5499	74
5500	72
5501	62
5502	55
5503	89
5504	62
5505	60
5506	69
5507	54
5508	59
5509	81
5510	53
5511	68
5512	68
5513	62
5514	47
5515	72
5516	58
5517	71
5518	59
5519	63
5520	60
5521	67
5522	64
5523	71
5524	75
5525	55
5526	52
5527	57
5528	69
5529	66
5530	71
5531	72
5532	81
5533	50
5534	79
5535	68
5536	56
5537	56
5538	74
5539	69
5540	62
5541	47
5542	59
5543	75
5544	62
5545	52
5546	63
5547	62
5548	68
5549	60
5550	55
5551	69
5552	62
5553	56
5554	68
5555	61
5556	66
5557	59
5558	67
5559	67
5560	68
5561	65
5562	79
5563	68
5564	72
5565	67
5566	61
5567	60
5568	63
5569	70
5570	69
5571	60
5572	60
5573	85
5574	71
5575	66
5576	62
5577	51
5578	59
5579	51
5580	66
5581	73
5582	76
5583	74
5584	59
5585	55
5586	58
5587	52
5588	66
5589	52
5590	57
5591	65
5592	58
5593	62
5594	80
5595	69
5596	70
5597	57
5598	55
5599	86
5600	55
5601	68
5602	68
5603	70
5604	67
5605	62
5606	49
5607	66
5608	63
5609	59
5610	48
5611	66
5612	53
5613	70
5614	60
5615	55
5616	57
5617	52
5618	67
5619	52
5620	62
5621	71
5622	81
5623	75
5624	57
5625	53
5626	66
5627	66
5628	69
5629	73
5630	72
5631	68
5632	78
5633	66
5634	60
5635	66
5636	73
5637	63
5638	63
5639	68
5640	64
5641	62
5642	81
5643	60
5644	73
5645	62
5646	65
5647	73
5648	61
5649	71
5650	75
5651	71
5652	62
5653	64
5654	65
5655	66
5656	59
5657	71
5658	62
5659	67
5660	78
5661	66
5662	64
5663	72
5664	71
5665	48
5666	60
5667	66
5668	60
5669	67
5670	56
5671	66
5672	70
5673	59
5674	73
5675	68
5676	59
5677	70
5678	68
5679	58
5680	72
5681	64
5682	68
5683	65
5684	62
5685	63
5686	74
5687	66
5688	77
5689	65
5690	48
5691	61
5692	58
5693	52
5694	72
5695	73
5696	58
5697	45
5698	75
5699	88
5700	78
5701	63
5702	83
5703	60
5704	80
5705	77
5706	68
5707	64
5708	63
5709	63
5710	69
5711	75
5712	65
5713	76
5714	77
5715	57
5716	55
5717	73
5718	56
5719	65
5720	66
5721	65
5722	61
5723	77
5724	69
5725	59
5726	59
5727	76
5728	77
5729	53
5730	66
5731	87
5732	64
5733	66
5734	80
5735	61
5736	72
5737	66
5738	64
5739	72
5740	78
5741	56
5742	73
5743	76
5744	79
5745	70
5746	71
5747	68
5748	64
5749	71
5750	70
5751	74
5752	83
5753	72
5754	67
5755	66
5756	69
5757	64
5758	84
5759	69
5760	54
5761	67
5762	67
5763	77
5764	53
5765	60
5766	56
5767	74
5768	66
5769	75
5770	77
5771	84
5772	75
5773	85
5774	52
5775	80
5776	54
5777	75
5778	59
5779	86
5780	62
5781	55
5782	69
5783	59
5784	65
5785	89
5786	79
5787	60
5788	86
5789	51
5790	75
5791	83
5792	78
5793	78
5794	74
5795	59
5796	73
5797	77
5798	66
5799	65
5800	78
5801	63
5802	69
5803	71
5804	71
5805	69
5806	76
5807	76
5808	87
5809	68
5810	61
5811	61
5812	62
5813	82
5814	67
5815	75
5816	69
5817	56
5818	69
5819	56
5820	85
5821	51
5822	69
5823	64
5824	79
5825	59
5826	61
5827	53
5828	61
5829	62
5830	55
5831	68
5832	41
5833	49
5834	65
5835	57
5836	46
5837	47
5838	46
5839	52
5840	63
5841	56
5842	60
5843	58
5844	42
5845	40
5846	52
5847	48
5848	52
5849	62
5850	51
5851	50
5852	35
5853	44
5854	68
5855	45
5856	47
5857	48
5858	53
5859	49
5860	71
5861	46
5862	49
5863	46
5864	51
5865	47
5866	54
5867	52
5868	35
5869	52
5870	38
5871	48
5872	40
5873	39
5874	54
5875	55
5876	39
5877	33
5878	40
5879	47
5880	46
5881	50
5882	34
5883	45
5884	40
5885	51
5886	47
5887	34
5888	43
5889	42
5890	44
5891	49
5892	50
5893	42
5894	54
5895	53
5896	35
5897	45
5898	46
5899	47
5900	39
5901	47
5902	47
5903	39
5904	43
5905	43
5906	48
5907	49
5908	40
5909	44
5910	44
5911	45
5912	39
5913	43
5914	43
5915	45
5916	46
5917	38
5918	33
5919	43
5920	38
5921	37
5922	48
5923	38
5924	39
5925	49
5926	43
5927	41
5928	48
5929	47
5930	42
5931	46
5932	46
5933	37
5934	30
5935	47
5936	41
5937	38
5938	37
5939	30
5940	30
5941	43
5942	42
5943	30
5944	40
5945	49
5946	33
5947	33
5948	41
5949	39
5950	38
5951	49
5952	47
5953	32
5954	28
5955	45
5956	33
5957	36
5958	43
5959	40
5960	37
5961	45
5962	46
5963	36
5964	36
5965	38
5966	43
5967	39
5968	32
5969	38
5970	37
5971	43
5972	40
5973	40
5974	40
5975	40
5976	37
5977	30
5978	31
5979	43
5980	44
5981	30
5982	34
5983	41
5984	31
5985	36
5986	42
5987	24
5988	36
5989	32
5990	49
5991	35
5992	32
5993	54
5994	38
5995	41
5996	42
5997	34
5998	33
5999	46
6000	39
6001	25
6002	40
6003	34
6004	37
6005	47
6006	49
6007	43
6008	42
6009	40
6010	38
6011	39
6012	46
6013	43
6014	51
6015	31
6016	41
6017	34
6018	32
6019	39
6020	31
6021	45
6022	32
6023	32
6024	32
6025	34
6026	38
6027	36
6028	42
6029	32
6030	37
6031	28
6032	44
6033	32
6034	44
6035	45
6036	37
6037	41
6038	40
6039	31
6040	29
6041	33
6042	25
6043	33
6044	40
6045	46
6046	36
6047	42
6048	34
6049	40
6050	29
6051	36
6052	44
6053	37
6054	38
6055	31
6056	34
6057	32
6058	33
6059	44
6060	36
6061	33
6062	33
6063	25
6064	35
6065	35
6066	42
6067	25
6068	44
6069	35
6070	29
6071	40
6072	43
6073	36
6074	36
6075	35
6076	30
6077	46
6078	50
6079	60
6080	44
6081	42
6082	58
6083	62
6084	60
6085	57
6086	74
6087	62
6088	65
6089	55
6090	69
6091	72
6092	80
6093	84
6094	102
6095	83
6096	99
6097	115
6098	134
6099	134
6100	116
6101	175
6102	149
6103	184
6104	227
6105	272
6106	261
6107	332
6108	383
6109	489
6110	572
6111	680
6112	734
6113	846
6114	1041
6115	1204
6116	1282
6117	1439
6118	1539
6119	1625
6120	1660
6121	1814
6122	1821
6123	1945
6124	1938
6125	1895
6126	1938
6127	1774
6128	1799
6129	1645
6130	1534
6131	1348
6132	1144
6133	966
6134	810
6135	608
6136	459
6137	345
6138	221
6139	182
6140	120
6141	84
6142	52
6143	42
6144	34
6145	32
6146	34
6147	30
6148	24
6149	32
6150	26
6151	29
6152	22
6153	22
6154	23
6155	20
6156	26
6157	26
6158	21
6159	32
6160	25
6161	32
6162	24
6163	31
6164	21
6165	29
6166	28
6167	27
6168	22
6169	26
6170	14
6171	28
6172	20
6173	20
6174	14
6175	26
6176	24
6177	29
6178	19
6179	27
6180	16
6181	20
6182	29
6183	17
6184	28
6185	31
6186	23
6187	23
6188	19
6189	19
6190	17
6191	28
6192	25
6193	23
6194	28
6195	25
6196	26
6197	31
6198	21
6199	22
6200	20
6201	33
6202	20
6203	27
6204	15
6205	17
6206	19
6207	27
6208	20
6209	13
6210	21
6211	15
6212	19
6213	18
6214	18
6215	22
6216	16
6217	33
6218	21
6219	21
6220	24
6221	29
6222	24
6223	11
6224	19
6225	22
6226	16
6227	22
6228	19
6229	12
6230	22
6231	12
6232	23
6233	23
6234	18
6235	19
6236	16
6237	16
6238	21
6239	19
6240	18
6241	17
6242	20
6243	18
6244	28
6245	23
6246	23
6247	22
6248	23
6249	23
6250	25
6251	27
6252	21
6253	15
6254	14
6255	15
6256	18
6257	23
6258	22
6259	20
6260	19
6261	19
6262	20
6263	12
6264	16
6265	13
6266	13
6267	24
6268	25
6269	23
6270	16
6271	22
6272	25
6273	16
6274	26
6275	15
6276	14
6277	11
6278	12
6279	17
6280	17
6281	18
6282	15
6283	17
6284	21
6285	16
6286	21
6287	18
6288	19
6289	19
6290	10
6291	25
6292	14
6293	13
6294	16
6295	11
6296	25
6297	16
6298	13
6299	14
6300	18
6301	15
6302	13
6303	15
6304	15
6305	20
6306	19
6307	16
6308	18
6309	10
6310	16
6311	12
6312	19
6313	11
6314	18
6315	16
6316	16
6317	8
6318	14
6319	13
6320	9
6321	9
6322	12
6323	19
6324	13
6325	16
6326	9
6327	12
6328	16
6329	13
6330	10
6331	11
6332	13
6333	11
6334	18
6335	14
6336	13
6337	15
6338	9
6339	12
6340	13
6341	9
6342	13
6343	15
6344	16
6345	16
6346	17
6347	8
6348	14
6349	11
6350	16
6351	11
6352	10
6353	13
6354	13
6355	18
6356	18
6357	16
6358	15
6359	13
6360	9
6361	8
6362	12
6363	13
6364	14
6365	12
6366	17
6367	13
6368	10
6369	10
6370	9
6371	14
6372	18
6373	19
6374	8
6375	10
6376	6
6377	17
6378	14
6379	12
6380	10
6381	8
6382	7
6383	7
6384	11
6385	6
6386	9
6387	13
6388	11
6389	8
6390	14
6391	18
6392	10
6393	18
6394	11
6395	6
6396	9
6397	15
6398	10
6399	16
6400	12
6401	16
6402	8
6403	12
6404	19
6405	15
6406	14
6407	11
6408	11
6409	12
6410	14
6411	5
6412	11
6413	11
6414	17
6415	13
6416	9
6417	15
6418	11
6419	9
6420	13
6421	17
6422	9
6423	11
6424	9
6425	11
6426	11
6427	10
6428	9
6429	10
6430	10
6431	7
6432	9
6433	16
6434	13
6435	10
6436	12
6437	10
6438	13
6439	7
6440	12
6441	5
6442	8
6443	7
6444	9
6445	10
6446	11
6447	5
6448	9
6449	13
6450	12
6451	7
6452	7
6453	6
6454	13
6455	10
6456	12
6457	10
6458	11
6459	5
6460	4
6461	11
6462	10
6463	7
6464	10
6465	6
6466	10
6467	14
6468	8
6469	10
6470	8
6471	2
6472	7
6473	13
6474	9
6475	13
6476	9
6477	3
6478	6
6479	15
6480	12
6481	12
6482	7
6483	5
6484	13
6485	5
6486	9
6487	15
6488	10
6489	4
6490	9
6491	5
6492	3
6493	10
6494	11
6495	10
6496	10
6497	8
6498	10
6499	8
6500	8
6501	1
6502	7
6503	10
6504	10
6505	5
6506	8
6507	6
6508	13
6509	5
6510	8
6511	16
6512	7
6513	9
6514	11
6515	9
6516	3
6517	9
6518	4
6519	10
6520	7
6521	6
6522	14
6523	4
6524	8
6525	8
6526	8
6527	5
6528	3
6529	7
6530	7
6531	5
6532	9
6533	8
6534	4
6535	13
6536	11
6537	9
6538	3
6539	13
6540	7
6541	6
6542	6
6543	8
6544	2
6545	7
6546	6
6547	11
6548	7
6549	10
6550	2
6551	8
6552	2
6553	9
6554	5
6555	7
6556	12
6557	11
6558	3
6559	7
6560	4
6561	11
6562	10
6563	8
6564	5
6565	6
6566	4
6567	6
6568	9
6569	10
6570	8
6571	6
6572	9
6573	4
6574	9
6575	6
6576	13
6577	7
6578	7
6579	5
6580	9
6581	6
6582	12
6583	8
6584	4
6585	2
6586	8
6587	6
6588	9
6589	6
6590	2
6591	2
6592	10
6593	9
6594	6
6595	10
6596	4
6597	7
6598	9
6599	7
6600	9
6601	1
6602	14
6603	14
6604	10
6605	7
6606	5
6607	2
6608	3
6609	13
6610	6
6611	5
6612	4
6613	9
6614	5
6615	8
6616	8
6617	4
6618	5
6619	8
6620	11
6621	3
6622	6
6623	8
6624	8
6625	6
6626	8
6627	7
6628	5
6629	3
6630	2
6631	4
6632	7
6633	8
6634	4
6635	5
6636	3
6637	6
6638	6
6639	5
6640	8
6641	5
6642	6
6643	6
6644	11
6645	9
6646	5
6647	7
6648	7
6649	16
6650	7
6651	5
6652	6
6653	6
6654	6
6655	6
6656	11
6657	3
6658	5
6659	4
6660	7
6661	3
6662	5
6663	4
6664	9
6665	4
6666	8
6667	7
6668	4
6669	8
6670	9
6671	2
6672	12
6673	10
6674	8
6675	2
6676	5
6677	6
6678	8
6679	8
6680	4
6681	7
6682	4
6683	6
6684	6
6685	3
6686	7
6687	12
6688	4
6689	6
6690	7
6691	9
6692	14
6693	5
6694	10
6695	4
6696	5
6697	4
6698	6
6699	9
6700	4
6701	4
6702	6
6703	10
6704	8
6705	10
6706	12
6707	8
6708	5
6709	12
6710	4
6711	2
6712	7
6713	2
6714	5
6715	7
6716	8
6717	6
6718	7
6719	3
6720	4
6721	9
6722	5
6723	3
6724	4
6725	10
6726	6
6727	10
6728	9
6729	5
6730	7
6731	9
6732	8
6733	6
6734	4
6735	6
6736	3
6737	5
6738	3
6739	2
6740	7
6741	5
6742	4
6743	11
6744	5
6745	3
6746	6
6747	6
6748	7
6749	6
6750	9
6751	7
6752	6
6753	7
6754	11
6755	8
6756	7
6757	5
6758	6
6759	6
6760	5
6761	4
6762	4
6763	3
6764	5
6765	6
6766	5
6767	4
6768	4
6769	9
6770	3
6771	6
6772	8
6773	5
6774	3
6775	3
6776	9
6777	7
6778	6
6779	6
6780	9
6781	3
6782	6
6783	10
6784	7
6785	4
6786	7
6787	5
6788	5
6789	1
6790	9
6791	11
6792	9
6793	5
6794	11
6795	5
6796	2
6797	1
6798	4
6799	3
6800	4
6801	2
6802	3
6803	7
6804	5
6805	4
6806	4
6807	5
6808	6
6809	2
6810	6
6811	7
6812	5
6813	6
6814	5
6815	5
6816	8
6817	6
6818	5
6819	5
6820	3
6821	8
6822	11
6823	3
6824	5
6825	7
6826	6
6827	6
6828	4
6829	5
6830	7
6831	8
6832	4
6833	4
6834	7
6835	6
6836	1
6837	7
6838	9
6839	7
6840	6
6841	4
6842	2
6843	5
6844	6
6845	8
6846	5
6847	3
6848	4
6849	9
6850	9
6851	3
6852	1
6853	7
6854	5
6855	6
6856	5
6857	5
6858	14
6859	5
6860	9
6861	7
6862	8
6863	8
6864	4
6865	10
6866	4
6867	7
6868	7
6869	6
6870	3
6871	6
6872	6
6873	10
6874	6
6875	5
6876	4
6877	7
6878	7
6879	8
6880	4
6881	4
6882	4
6883	7
6884	6
6885	6
6886	10
6887	6
6888	8
6889	7
6890	8
6891	11
6892	8
6893	13
6894	7
6895	8
6896	7
6897	13
6898	4
6899	10
6900	8
6901	11
6902	8
6903	7
6904	17
6905	6
6906	11
6907	14
6908	19
6909	19
6910	13
6911	22
6912	16
6913	23
6914	21
6915	28
6916	23
6917	28
6918	27
6919	27
6920	31
6921	35
6922	37
6923	31
6924	39
6925	42
6926	45
6927	53
6928	61
6929	55
6930	64
6931	91
6932	93
6933	103
6934	105
6935	125
6936	121
6937	135
6938	165
6939	211
6940	231
6941	254
6942	284
6943	375
6944	411
6945	493
6946	606
6947	676
6948	817
6949	851
6950	942
6951	1099
6952	1215
6953	1218
6954	1367
6955	1388
6956	1414
6957	1425
6958	1457
6959	1530
6960	1528
6961	1545
6962	1507
6963	1481
6964	1456
6965	1366
6966	1210
6967	1098
6968	929
6969	825
6970	683
6971	540
6972	455
6973	307
6974	211
6975	181
6976	109
6977	59
6978	38
6979	37
6980	22
6981	12
6982	8
6983	5
6984	2
6985	4
6986	6
6987	5
6988	2
6989	3
6990	0
6991	1
6992	4
6993	1
6994	2
6995	3
6996	4
6997	2
6998	3
6999	2
7000	1
7001	4
7002	3
7003	2
7004	1
7005	0
7006	4
7007	1
7008	1
7009	1
7010	2
7011	4
7012	2
7013	1
7014	2
7015	3
7016	2
7017	0
7018	3
7019	3
7020	0
7021	1
7022	1
7023	2
7024	2
7025	1
7026	1
7027	5
7028	2
7029	2
7030	3
7031	7
7032	1
7033	1
7034	0
7035	2
7036	2
7037	1
7038	2
7039	0
7040	4
7041	0
7042	3
7043	0
7044	0
7045	0
7046	4
7047	0
7048	2
7049	1
7050	3
7051	5
7052	1
7053	1
7054	1
7055	3
7056	2
7057	2
7058	1
7059	1
7060	3
7061	1
7062	3
7063	2
7064	1
7065	2
7066	1
7067	2
7068	4
7069	0
7070	4
7071	3
7072	2
7073	1
7074	3
7075	2
7076	0
7077	3
7078	1
7079	1
7080	2
7081	2
7082	0
7083	2
7084	3
7085	0
7086	0
7087	0
7088	2
7089	1
7090	2
7091	2
7092	3
7093	0
7094	2
7095	3
7096	2
7097	5
7098	2
7099	0
7100	4
7101	1
7102	2
7103	3
7104	0
7105	1
7106	5
7107	1
7108	0
7109	0
7110	0
7111	1
7112	3
7113	2
7114	3
7115	0
7116	3
7117	2
7118	2
7119	3
7120	0
7121	2
7122	1
7123	0
7124	2
7125	1
7126	1
7127	1
7128	1
7129	3
7130	1
7131	3
7132	0
7133	1
7134	3
7135	2
7136	2
7137	2
7138	2
7139	1
7140	2
7141	3
7142	1
7143	2
7144	0
7145	3
7146	1
7147	2
7148	0
7149	4
7150	2
7151	1
7152	1
7153	2
7154	4
7155	1
7156	0
7157	3
7158	2
7159	6
7160	4
7161	4
7162	3
7163	3
7164	1
7165	4
7166	2
7167	1
7168	4
7169	3
7170	2
7171	0
7172	2
7173	2
7174	2
7175	1
7176	1
7177	3
7178	2
7179	3
7180	1
7181	3
7182	2
7183	2
7184	5
7185	1
7186	0
7187	2
7188	5
7189	1
7190	2
7191	1
7192	2
7193	1
7194	0
7195	1
7196	0
7197	4
7198	3
7199	5
7200	4
7201	3
7202	2
7203	2
7204	2
7205	5
7206	3
7207	3
7208	3
7209	2
7210	2
7211	2
7212	5
7213	0
7214	0
7215	3
7216	3
7217	3
7218	1
7219	1
7220	4
7221	2
7222	2
7223	2
7224	0
7225	2
7226	0
7227	2
7228	2
7229	1
7230	2
7231	2
7232	4
7233	0
7234	2
7235	3
7236	2
7237	1
7238	3
7239	4
7240	2
7241	2
7242	0
7243	0
7244	1
7245	1
7246	1
7247	1
7248	3
7249	0
7250	2
7251	1
7252	3
7253	2
7254	4
7255	1
7256	3
7257	0
7258	2
7259	1
7260	2
7261	2
7262	3
7263	3
7264	1
7265	2
7266	4
7267	1
7268	2
7269	3
7270	0
7271	0
7272	1
7273	1
7274	3
7275	0
7276	0
7277	2
7278	3
7279	0
7280	1
7281	0
7282	1
7283	1
7284	1
7285	1
7286	0
7287	0
7288	1
7289	0
7290	2
7291	2
7292	1
7293	2
7294	2
7295	1
7296	1
7297	4
7298	0
7299	0
7300	3
7301	2
7302	0
7303	1
7304	0
7305	3
7306	2
7307	3
7308	1
7309	3
7310	5
7311	0
7312	1
7313	3
7314	0
7315	2
7316	1
7317	0
7318	2
7319	0
7320	1
7321	0
7322	1
7323	2
7324	2
7325	1
7326	2
7327	2
7328	1
7329	3
7330	0
7331	1
7332	0
7333	2
7334	1
7335	0
7336	2
7337	1
7338	1
7339	1
7340	0
7341	1
7342	4
7343	2
7344	2
7345	3
7346	4
7347	1
7348	1
7349	2
7350	3
7351	2
7352	2
7353	0
7354	1
7355	2
7356	2
7357	0
7358	1
7359	0
7360	2
7361	2
7362	2
7363	5
7364	5
7365	1
7366	2
7367	2
7368	2
7369	3
7370	1
7371	2
7372	2
7373	0
7374	1
7375	1
7376	1
7377	0
7378	0
7379	1
7380	0
7381	0
7382	0
7383	1
7384	2
7385	3
7386	2
7387	1
7388	4
7389	3
7390	4
7391	1
7392	3
7393	1
7394	0
7395	1
7396	1
7397	1
7398	1
7399	3
7400	2
7401	3
7402	1
7403	3
7404	2
7405	7
7406	4
7407	2
7408	3
7409	4
7410	0
7411	2
7412	1
7413	2
7414	2
7415	1
7416	0
7417	4
7418	0
7419	1
7420	3
7421	1
7422	2
7423	2
7424	2
7425	1
7426	2
7427	3
7428	2
7429	4
7430	0
7431	0
7432	1
7433	1
7434	1
7435	2
7436	4
7437	2
7438	2
7439	1
7440	2
7441	2
7442	0
7443	2
7444	3
7445	2
7446	1
7447	0
7448	1
7449	1
7450	0
7451	3
7452	2
7453	1
7454	0
7455	1
7456	1
7457	1
7458	1
7459	1
7460	2
7461	2
7462	1
7463	1
7464	2
7465	1
7466	0
7467	0
7468	1
7469	1
7470	0
7471	0
7472	1
7473	1
7474	1
7475	2
7476	2
7477	0
7478	2
7479	2
7480	1
7481	0
7482	1
7483	1
7484	0
7485	3
7486	3
7487	1
7488	2
7489	3
7490	0
7491	2
7492	0
7493	2
7494	1
7495	3
7496	0
7497	1
7498	2
7499	0
7500	3
7501	2
7502	1
7503	2
7504	2
7505	3
7506	1
7507	1
7508	2
7509	3
7510	2
7511	0
7512	3
7513	1
7514	1
7515	1
7516	1
7517	0
7518	2
7519	4
7520	1
7521	5
7522	1
7523	1
7524	2
7525	4
7526	2
7527	1
7528	1
7529	2
7530	2
7531	1
7532	2
7533	2
7534	3
7535	0
7536	1
7537	1
7538	3
7539	2
7540	1
7541	0
7542	0
7543	0
7544	1
7545	2
7546	0
7547	1
7548	0
7549	0
7550	1
7551	1
7552	3
7553	1
7554	0
7555	3
7556	2
7557	1
7558	1
7559	3
7560	2
7561	2
7562	1
7563	0
7564	2
7565	1
7566	1
7567	3
7568	2
7569	1
7570	2
7571	5
7572	0
7573	3
7574	1
7575	2
7576	1
7577	2
7578	1
7579	3
7580	1
7581	1
7582	2
7583	2
7584	1
7585	2
7586	5
7587	0
7588	1
7589	0
7590	1
7591	2
7592	2
7593	1
7594	0
7595	1
7596	0
7597	3
7598	1
7599	1
7600	1
7601	5
7602	2
7603	2
7604	1
7605	2
7606	3
7607	5
7608	0
7609	0
7610	5
7611	1
7612	2
7613	5
7614	6
7615	2
7616	2
7617	6
7618	10
7619	4
7620	10
7621	9
7622	3
7623	5
7624	10
7625	4
7626	9
7627	9
7628	8
7629	7
7630	11
7631	5
7632	7
7633	11
7634	11
7635	5
7636	9
7637	16
7638	3
7639	5
7640	5
7641	4
7642	4
7643	3
7644	8
7645	2
7646	0
7647	3
7648	4
7649	3
7650	1
7651	1
7652	4
7653	1
7654	2
7655	2
7656	1
7657	2
7658	2
7659	2
7660	0
7661	5
7662	1
7663	0
7664	2
7665	3
7666	1
7667	0
7668	4
7669	0
7670	1
7671	0
7672	2
7673	1
7674	1
7675	1
7676	1
7677	0
7678	0
7679	4
7680	2
7681	0
7682	3
7683	0
7684	2
7685	1
7686	2
7687	1
7688	3
7689	2
7690	1
7691	2
7692	3
7693	0
7694	0
7695	2
7696	2
7697	1
7698	0
7699	2
7700	1
7701	1
7702	0
7703	4
7704	1
7705	0
7706	2
7707	1
7708	3
7709	1
7710	1
7711	2
7712	1
7713	1
7714	2
7715	1
7716	0
7717	1
7718	0
7719	3
7720	1
7721	0
7722	0
7723	0
7724	1
7725	3
7726	3
7727	1
7728	1
7729	2
7730	1
7731	1
7732	1
7733	5
7734	4
7735	2
7736	2
7737	1
7738	1
7739	1
7740	1
7741	2
7742	1
7743	2
7744	3
7745	1
7746	0
7747	2
7748	1
7749	1
7750	2
7751	1
7752	2
7753	1
7754	3
7755	1
7756	2
7757	1
7758	2
7759	3
7760	2
7761	0
7762	3
7763	1
7764	0
7765	0
7766	5
7767	2
7768	0
7769	0
7770	1
7771	2
7772	3
7773	3
7774	2
7775	1
7776	2
7777	0
7778	0
7779	0
7780	1
7781	0
7782	4
7783	0
7784	0
7785	1
7786	2
7787	0
7788	2
7789	3
7790	3
7791	1
7792	1
7793	0
7794	1
7795	2
7796	2
7797	3
7798	3
7799	1
7800	1
7801	2
7802	1
7803	2
7804	1
7805	0
7806	1
7807	0
7808	0
7809	2
7810	1
7811	1
7812	0
7813	1
7814	1
7815	2
7816	3
7817	2
7818	1
7819	3
7820	5
7821	0
7822	2
7823	2
7824	1
7825	0
7826	2
7827	2
7828	2
7829	0
7830	3
7831	0
7832	2
7833	0
7834	1
7835	0
7836	2
7837	0
7838	4
7839	1
7840	1
7841	2
7842	0
7843	1
7844	2
7845	1
7846	2
7847	1
7848	1
7849	2
7850	2
7851	2
7852	1
7853	2
7854	2
7855	2
7856	2
7857	3
7858	3
7859	3
7860	2
7861	2
7862	0
7863	1
7864	1
7865	0
7866	3
7867	2
7868	0
7869	1
7870	1
7871	1
7872	1
7873	1
7874	1
7875	1
7876	1
7877	2
7878	3
7879	1
7880	1
7881	3
7882	3
7883	2
7884	1
7885	1
7886	1
7887	2
7888	2
7889	1
7890	0
7891	1
7892	2
7893	2
7894	3
7895	0
7896	0
7897	2
7898	3
7899	0
7900	1
7901	2
7902	1
7903	2
7904	1
7905	3
7906	2
7907	0
7908	1
7909	1
7910	1
7911	2
7912	2
7913	2
7914	3
7915	0
7916	1
7917	1
7918	1
7919	1
7920	0
7921	2
7922	0
7923	3
7924	0
7925	0
7926	1
7927	2
7928	2
7929	1
7930	3
7931	3
7932	4
7933	2
7934	0
7935	1
7936	0
7937	0
7938	4
7939	1
7940	3
7941	0
7942	3
7943	5
7944	2
7945	2
7946	0
7947	2
7948	2
7949	1
7950	2
7951	4
7952	0
7953	1
7954	2
7955	1
7956	0
7957	1
7958	3
7959	1
7960	3
7961	0
7962	2
7963	1
7964	1
7965	0
7966	1
7967	1
7968	3
7969	2
7970	2
7971	2
7972	0
7973	0
7974	3
7975	1
7976	2
7977	2
7978	3
7979	3
7980	1
7981	3
7982	0
7983	2
7984	0
7985	1
7986	1
7987	2
7988	0
7989	0
7990	1
7991	1
7992	2
7993	5
7994	0
7995	0
7996	1
7997	1
7998	2
7999	1
8000	0
8001	3
8002	1
8003	0
8004	2
8005	2
8006	0
8007	0
8008	4
8009	1
8010	0
8011	0
8012	2
8013	1
8014	2
8015	0
8016	0
8017	0
8018	2
8019	0
8020	1
8021	2
8022	1
8023	0
8024	0
8025	3
8026	0
8027	2
8028	1
8029	2
8030	0
8031	0
8032	2
8033	0
8034	1
8035	1
8036	0
8037	2
8038	1
8039	0
8040	0
8041	2
8042	0
8043	0
8044	3
8045	3
8046	1
8047	0
8048	1
8049	1
8050	2
8051	1
8052	1
8053	2
8054	0
8055	0
8056	1
8057	0
8058	0
8059	3
8060	0
8061	2
8062	0
8063	0
8064	2
8065	0
8066	1
8067	2
8068	1
8069	0
8070	2
8071	0
8072	0
8073	1
8074	1
8075	2
8076	1
8077	3
8078	2
8079	2
8080	1
8081	0
8082	1
8083	3
8084	2
8085	1
8086	0
8087	1
8088	2
8089	2
8090	2
8091	2
8092	0
8093	2
8094	1
8095	1
8096	0
8097	1
8098	3
8099	0
8100	2
8101	2
8102	2
8103	0
8104	0
8105	0
8106	1
8107	3
8108	3
8109	0
8110	2
8111	3
8112	1
8113	2
8114	0
8115	1
8116	0
8117	0
8118	0
8119	1
8120	0
8121	0
8122	0
8123	0
8124	0
8125	0
8126	0
8127	0
8128	0
8129	0
8130	0
8131	0
8132	0
8133	0
8134	0
8135	0
8136	0
8137	0
8138	0
8139	0
8140	0
8141	0
8142	0
8143	0
8144	0
8145	0
8146	0
8147	0
8148	0
8149	0
8150	0
8151	0
8152	0
8153	0
8154	0
8155	0
8156	0
8157	0
8158	0
8159	0
8160	0
8161	0
8162	0
8163	0
8164	0
8165	0
8166	0
8167	0
8168	0
8169	0
8170	0
8171	0
8172	0
8173	0
8174	0
8175	0
8176	0
8177	0
8178	0
8179	0
8180	0
8181	0
8182	0
8183	0
8184	0
8185	0
8186	0
8187	0
8188	0
8189	0
8190	0
8191	0
