0	0
1	0
2	0
3	0
4	0
5	0
6	0
7	0
8	0
9	0
10	0
11	0
12	0
13	0
14	0
15	0
16	0
17	0
18	0
19	0
20	0
21	0
22	0
23	0
24	0
25	0
26	0
27	0
28	0
29	0
30	0
31	0
32	0
33	0
34	0
35	0
36	0
37	0
38	0
39	0
40	0
41	0
42	0
43	0
44	0
45	0
46	0
47	0
48	0
49	0
50	0
51	0
52	0
53	0
54	0
55	0
56	0
57	0
58	0
59	0
60	0
61	0
62	0
63	0
64	0
65	0
66	0
67	0
68	0
69	0
70	0
71	0
72	0
73	0
74	0
75	0
76	0
77	0
78	0
79	0
80	0
81	0
82	0
83	0
84	0
85	0
86	0
87	0
88	0
89	0
90	0
91	0
92	0
93	0
94	0
95	0
96	0
97	0
98	0
99	0
100	0
101	0
102	0
103	0
104	0
105	0
106	0
107	0
108	0
109	0
110	0
111	0
112	0
113	0
114	0
115	0
116	0
117	0
118	0
119	0
120	0
121	0
122	0
123	0
124	0
125	0
126	0
127	0
128	1
129	0
130	1
131	1
132	2
133	13
134	41
135	138
136	201
137	226
138	222
139	193
140	221
141	210
142	201
143	210
144	197
145	213
146	232
147	228
148	193
149	192
150	182
151	220
152	236
153	206
154	213
155	188
156	192
157	180
158	226
159	192
160	206
161	182
162	211
163	189
164	165
165	225
166	200
167	202
168	218
169	178
170	206
171	207
172	195
173	241
174	209
175	194
176	208
177	193
178	170
179	203
180	198
181	201
182	195
183	174
184	190
185	192
186	197
187	204
188	200
189	207
190	204
191	207
192	188
193	195
194	188
195	185
196	198
197	189
198	191
199	178
200	212
201	196
202	221
203	176
204	189
205	190
206	168
207	214
208	193
209	190
210	189
211	174
212	224
213	183
214	190
215	179
216	166
217	179
218	182
219	177
220	198
221	203
222	202
223	171
224	187
225	182
226	193
227	204
228	191
229	210
230	203
231	192
232	188
233	177
234	185
235	188
236	177
237	185
238	192
239	191
240	206
241	164
242	231
243	190
244	204
245	165
246	181
247	206
248	191
249	182
250	176
251	194
252	191
253	197
254	193
255	185
256	174
257	218
258	173
259	159
260	187
261	165
262	183
263	174
264	200
265	181
266	190
267	198
268	186
269	203
270	169
271	180
272	189
273	180
274	180
275	183
276	196
277	182
278	200
279	169
280	208
281	193
282	188
283	205
284	179
285	209
286	185
287	185
288	186
289	195
290	179
291	196
292	192
293	172
294	184
295	204
296	191
297	176
298	197
299	188
300	193
301	188
302	202
303	189
304	173
305	180
306	196
307	185
308	182
309	172
310	179
311	205
312	190
313	195
314	191
315	206
316	168
317	195
318	192
319	207
320	193
321	200
322	180
323	180
324	185
325	203
326	201
327	193
328	195
329	193
330	205
331	199
332	213
333	191
334	194
335	196
336	201
337	209
338	207
339	212
340	174
341	191
342	198
343	211
344	180
345	218
346	194
347	220
348	224
349	215
350	232
351	234
352	198
353	229
354	270
355	315
356	349
357	401
358	429
359	442
360	356
361	320
362	292
363	298
364	275
365	308
366	369
367	414
368	495
369	576
370	597
371	583
372	489
373	412
374	357
375	277
376	213
377	203
378	213
379	194
380	195
381	202
382	190
383	213
384	182
385	207
386	174
387	212
388	187
389	195
390	202
391	208
392	219
393	205
394	181
395	165
396	191
397	183
398	197
399	166
400	177
401	214
402	175
403	191
404	200
405	190
406	195
407	193
408	201
409	194
410	167
411	198
412	192
413	182
414	197
415	215
416	246
417	265
418	284
419	354
420	348
421	384
422	417
423	384
424	364
425	312
426	277
427	218
428	211
429	214
430	203
431	217
432	242
433	236
434	260
435	261
436	248
437	251
438	234
439	212
440	191
441	203
442	191
443	209
444	200
445	175
446	186
447	180
448	174
449	177
450	185
451	194
452	161
453	184
454	149
455	194
456	168
457	179
458	174
459	183
460	164
461	186
462	185
463	181
464	188
465	166
466	186
467	183
468	189
469	199
470	170
471	172
472	179
473	188
474	162
475	191
476	188
477	186
478	198
479	186
480	190
481	176
482	185
483	169
484	165
485	220
486	182
487	178
488	176
489	222
490	185
491	175
492	194
493	169
494	206
495	171
496	175
497	204
498	196
499	185
500	172
501	179
502	200
503	173
504	169
505	170
506	176
507	200
508	174
509	188
510	200
511	175
512	185
513	181
514	212
515	173
516	175
517	158
518	188
519	189
520	182
521	217
522	180
523	165
524	166
525	184
526	218
527	202
528	182
529	164
530	183
531	190
532	226
533	194
534	175
535	184
536	164
537	202
538	174
539	163
540	205
541	183
542	177
543	191
544	197
545	206
546	202
547	179
548	182
549	175
550	174
551	196
552	185
553	194
554	175
555	198
556	190
557	190
558	195
559	182
560	182
561	162
562	186
563	171
564	218
565	192
566	199
567	188
568	205
569	194
570	164
571	161
572	175
573	198
574	199
575	194
576	198
577	190
578	209
579	197
580	192
581	195
582	181
583	206
584	172
585	182
586	175
587	185
588	175
589	187
590	182
591	171
592	192
593	161
594	188
595	182
596	170
597	190
598	200
599	193
600	179
601	192
602	179
603	152
604	202
605	176
606	189
607	193
608	174
609	200
610	165
611	184
612	185
613	207
614	208
615	191
616	170
617	212
618	187
619	196
620	199
621	149
622	175
623	200
624	199
625	186
626	189
627	193
628	171
629	169
630	193
631	169
632	209
633	191
634	160
635	192
636	195
637	195
638	180
639	182
640	183
641	182
642	183
643	184
644	173
645	171
646	192
647	168
648	189
649	188
650	200
651	193
652	187
653	191
654	190
655	200
656	180
657	184
658	190
659	180
660	191
661	191
662	186
663	203
664	233
665	174
666	200
667	178
668	168
669	161
670	183
671	175
672	169
673	181
674	181
675	197
676	197
677	193
678	174
679	188
680	181
681	198
682	189
683	187
684	201
685	203
686	197
687	180
688	185
689	170
690	188
691	201
692	188
693	201
694	176
695	195
696	188
697	190
698	181
699	160
700	199
701	212
702	187
703	192
704	162
705	187
706	201
707	172
708	203
709	177
710	175
711	193
712	184
713	214
714	205
715	193
716	173
717	185
718	183
719	190
720	164
721	179
722	203
723	183
724	185
725	212
726	173
727	171
728	178
729	174
730	198
731	211
732	185
733	179
734	189
735	204
736	191
737	190
738	210
739	195
740	204
741	199
742	194
743	176
744	183
745	176
746	195
747	185
748	165
749	193
750	166
751	195
752	182
753	184
754	187
755	196
756	176
757	196
758	178
759	198
760	191
761	190
762	180
763	183
764	167
765	179
766	189
767	165
768	188
769	179
770	223
771	195
772	186
773	158
774	178
775	188
776	181
777	190
778	180
779	181
780	194
781	183
782	213
783	203
784	173
785	164
786	175
787	176
788	178
789	198
790	172
791	158
792	169
793	183
794	192
795	168
796	184
797	182
798	204
799	195
800	157
801	181
802	156
803	188
804	189
805	198
806	165
807	173
808	182
809	184
810	204
811	183
812	196
813	173
814	193
815	191
816	182
817	191
818	189
819	185
820	173
821	171
822	177
823	174
824	188
825	187
826	186
827	191
828	197
829	177
830	170
831	183
832	164
833	171
834	189
835	167
836	177
837	180
838	175
839	172
840	176
841	188
842	171
843	173
844	200
845	202
846	190
847	190
848	195
849	176
850	195
851	194
852	189
853	176
854	199
855	197
856	195
857	181
858	184
859	195
860	201
861	201
862	164
863	174
864	192
865	184
866	178
867	178
868	198
869	180
870	175
871	174
872	190
873	201
874	189
875	208
876	172
877	163
878	193
879	187
880	187
881	182
882	174
883	183
884	213
885	207
886	179
887	193
888	189
889	190
890	177
891	180
892	171
893	207
894	187
895	186
896	199
897	192
898	173
899	192
900	178
901	201
902	204
903	166
904	197
905	212
906	207
907	204
908	193
909	194
910	193
911	200
912	201
913	209
914	180
915	195
916	196
917	193
918	219
919	182
920	204
921	176
922	191
923	210
924	215
925	220
926	205
927	197
928	196
929	207
930	195
931	196
932	219
933	245
934	229
935	228
936	195
937	197
938	201
939	200
940	214
941	258
942	222
943	222
944	239
945	224
946	224
947	241
948	239
949	229
950	234
951	242
952	251
953	239
954	202
955	224
956	235
957	226
958	238
959	208
960	260
961	224
962	240
963	210
964	186
965	232
966	201
967	224
968	213
969	215
970	246
971	202
972	218
973	228
974	191
975	201
976	240
977	206
978	225
979	228
980	197
981	229
982	211
983	246
984	225
985	225
986	255
987	220
988	221
989	209
990	216
991	194
992	203
993	226
994	185
995	196
996	214
997	211
998	202
999	205
1000	233
1001	174
1002	180
1003	215
1004	231
1005	216
1006	222
1007	199
1008	230
1009	211
1010	215
1011	212
1012	184
1013	201
1014	214
1015	184
1016	194
1017	219
1018	215
1019	188
1020	184
1021	198
1022	196
1023	223
1024	215
1025	222
1026	189
1027	206
1028	224
1029	210
1030	184
1031	196
1032	202
1033	216
1034	193
1035	218
1036	186
1037	241
1038	195
1039	212
1040	219
1041	220
1042	210
1043	205
1044	213
1045	195
1046	211
1047	210
1048	229
1049	200
1050	200
1051	222
1052	189
1053	229
1054	194
1055	196
1056	182
1057	203
1058	203
1059	183
1060	184
1061	201
1062	206
1063	200
1064	212
1065	205
1066	207
1067	217
1068	229
1069	205
1070	195
1071	227
1072	194
1073	200
1074	217
1075	207
1076	208
1077	187
1078	196
1079	206
1080	182
1081	214
1082	186
1083	206
1084	234
1085	204
1086	195
1087	198
1088	191
1089	202
1090	180
1091	190
1092	197
1093	196
1094	226
1095	216
1096	234
1097	192
1098	214
1099	195
1100	216
1101	191
1102	221
1103	197
1104	232
1105	211
1106	188
1107	194
1108	192
1109	217
1110	190
1111	215
1112	190
1113	194
1114	200
1115	190
1116	193
1117	197
1118	178
1119	207
1120	189
1121	214
1122	189
1123	212
1124	213
1125	206
1126	205
1127	218
1128	202
1129	205
1130	193
1131	205
1132	217
1133	209
1134	204
1135	178
1136	222
1137	221
1138	213
1139	205
1140	207
1141	201
1142	226
1143	217
1144	236
1145	191
1146	197
1147	221
1148	213
1149	219
1150	183
1151	207
1152	222
1153	239
1154	211
1155	184
1156	212
1157	199
1158	223
1159	189
1160	184
1161	187
1162	208
1163	205
1164	204
1165	179
1166	207
1167	184
1168	222
1169	222
1170	193
1171	193
1172	210
1173	197
1174	229
1175	192
1176	205
1177	210
1178	195
1179	206
1180	218
1181	197
1182	210
1183	204
1184	211
1185	200
1186	214
1187	211
1188	231
1189	229
1190	176
1191	206
1192	198
1193	228
1194	210
1195	223
1196	211
1197	211
1198	201
1199	200
1200	193
1201	201
1202	187
1203	212
1204	188
1205	191
1206	180
1207	205
1208	175
1209	186
1210	196
1211	214
1212	198
1213	180
1214	193
1215	205
1216	187
1217	218
1218	172
1219	199
1220	183
1221	197
1222	184
1223	187
1224	227
1225	242
1226	219
1227	200
1228	211
1229	182
1230	220
1231	192
1232	198
1233	213
1234	162
1235	202
1236	172
1237	196
1238	220
1239	194
1240	203
1241	193
1242	207
1243	205
1244	181
1245	230
1246	215
1247	207
1248	207
1249	185
1250	185
1251	184
1252	187
1253	200
1254	182
1255	205
1256	204
1257	209
1258	184
1259	180
1260	204
1261	182
1262	190
1263	186
1264	199
1265	194
1266	171
1267	180
1268	165
1269	204
1270	162
1271	168
1272	231
1273	200
1274	170
1275	191
1276	190
1277	222
1278	194
1279	191
1280	199
1281	216
1282	204
1283	182
1284	189
1285	231
1286	192
1287	210
1288	184
1289	204
1290	208
1291	187
1292	204
1293	198
1294	196
1295	181
1296	184
1297	177
1298	247
1299	200
1300	200
1301	186
1302	197
1303	179
1304	194
1305	190
1306	170
1307	187
1308	182
1309	199
1310	194
1311	200
1312	190
1313	184
1314	236
1315	202
1316	218
1317	187
1318	170
1319	199
1320	196
1321	176
1322	168
1323	190
1324	201
1325	186
1326	165
1327	192
1328	201
1329	218
1330	203
1331	194
1332	202
1333	197
1334	176
1335	175
1336	185
1337	160
1338	178
1339	207
1340	198
1341	182
1342	192
1343	192
1344	195
1345	189
1346	181
1347	176
1348	180
1349	201
1350	175
1351	185
1352	205
1353	191
1354	188
1355	204
1356	185
1357	177
1358	193
1359	174
1360	195
1361	194
1362	167
1363	186
1364	197
1365	178
1366	195
1367	163
1368	201
1369	203
1370	213
1371	195
1372	197
1373	168
1374	173
1375	204
1376	171
1377	201
1378	176
1379	150
1380	184
1381	182
1382	185
1383	190
1384	204
1385	214
1386	167
1387	178
1388	186
1389	176
1390	186
1391	209
1392	190
1393	178
1394	168
1395	187
1396	185
1397	193
1398	166
1399	176
1400	174
1401	182
1402	180
1403	208
1404	179
1405	175
1406	166
1407	175
1408	186
1409	177
1410	187
1411	209
1412	185
1413	172
1414	181
1415	171
1416	180
1417	164
1418	174
1419	173
1420	180
1421	185
1422	190
1423	166
1424	173
1425	165
1426	176
1427	180
1428	216
1429	202
1430	181
1431	178
1432	198
1433	161
1434	209
1435	150
1436	186
1437	177
1438	197
1439	201
1440	213
1441	184
1442	150
1443	178
1444	179
1445	189
1446	176
1447	172
1448	178
1449	196
1450	188
1451	191
1452	181
1453	180
1454	161
1455	177
1456	182
1457	201
1458	182
1459	202
1460	189
1461	170
1462	184
1463	168
1464	174
1465	161
1466	177
1467	167
1468	188
1469	188
1470	187
1471	176
1472	194
1473	167
1474	180
1475	193
1476	171
1477	203
1478	186
1479	178
1480	168
1481	186
1482	197
1483	198
1484	169
1485	178
1486	169
1487	182
1488	163
1489	175
1490	197
1491	183
1492	184
1493	189
1494	208
1495	182
1496	193
1497	192
1498	178
1499	178
1500	182
1501	180
1502	176
1503	180
1504	174
1505	191
1506	184
1507	161
1508	172
1509	180
1510	176
1511	164
1512	172
1513	175
1514	175
1515	144
1516	175
1517	170
1518	163
1519	167
1520	186
1521	176
1522	203
1523	164
1524	175
1525	161
1526	175
1527	186
1528	165
1529	209
1530	183
1531	166
1532	165
1533	165
1534	186
1535	158
1536	173
1537	167
1538	173
1539	180
1540	165
1541	175
1542	162
1543	182
1544	177
1545	183
1546	179
1547	168
1548	177
1549	189
1550	161
1551	175
1552	169
1553	164
1554	170
1555	160
1556	192
1557	168
1558	171
1559	144
1560	177
1561	197
1562	216
1563	195
1564	176
1565	180
1566	180
1567	168
1568	160
1569	181
1570	165
1571	176
1572	210
1573	196
1574	176
1575	164
1576	183
1577	146
1578	173
1579	157
1580	175
1581	182
1582	160
1583	165
1584	201
1585	170
1586	183
1587	170
1588	177
1589	165
1590	163
1591	168
1592	178
1593	192
1594	167
1595	190
1596	171
1597	185
1598	174
1599	174
1600	177
1601	166
1602	198
1603	159
1604	168
1605	183
1606	172
1607	177
1608	154
1609	167
1610	171
1611	148
1612	166
1613	174
1614	160
1615	187
1616	174
1617	172
1618	181
1619	181
1620	187
1621	165
1622	185
1623	184
1624	166
1625	190
1626	169
1627	178
1628	187
1629	148
1630	180
1631	158
1632	167
1633	189
1634	172
1635	182
1636	166
1637	189
1638	174
1639	172
1640	175
1641	204
1642	165
1643	180
1644	144
1645	182
1646	169
1647	181
1648	155
1649	171
1650	189
1651	176
1652	158
1653	174
1654	191
1655	199
1656	188
1657	186
1658	186
1659	183
1660	185
1661	176
1662	189
1663	194
1664	172
1665	175
1666	179
1667	180
1668	167
1669	170
1670	161
1671	167
1672	185
1673	192
1674	178
1675	189
1676	170
1677	185
1678	183
1679	175
1680	187
1681	150
1682	164
1683	158
1684	169
1685	159
1686	177
1687	173
1688	203
1689	165
1690	160
1691	180
1692	173
1693	176
1694	167
1695	188
1696	173
1697	178
1698	177
1699	170
1700	164
1701	150
1702	160
1703	161
1704	178
1705	172
1706	165
1707	157
1708	161
1709	156
1710	150
1711	185
1712	175
1713	161
1714	188
1715	173
1716	175
1717	187
1718	178
1719	175
1720	172
1721	152
1722	183
1723	160
1724	178
1725	181
1726	167
1727	187
1728	168
1729	183
1730	156
1731	189
1732	165
1733	150
1734	183
1735	148
1736	172
1737	183
1738	163
1739	149
1740	190
1741	191
1742	162
1743	168
1744	169
1745	167
1746	158
1747	175
1748	162
1749	186
1750	192
1751	171
1752	175
1753	181
1754	186
1755	156
1756	169
1757	177
1758	180
1759	174
1760	179
1761	193
1762	174
1763	172
1764	182
1765	165
1766	166
1767	189
1768	165
1769	160
1770	170
1771	190
1772	179
1773	180
1774	141
1775	170
1776	171
1777	148
1778	162
1779	179
1780	201
1781	164
1782	195
1783	175
1784	173
1785	178
1786	162
1787	191
1788	176
1789	174
1790	159
1791	172
1792	183
1793	169
1794	187
1795	187
1796	179
1797	156
1798	184
1799	181
1800	188
1801	187
1802	167
1803	155
1804	160
1805	164
1806	165
1807	162
1808	171
1809	148
1810	164
1811	154
1812	162
1813	174
1814	169
1815	173
1816	171
1817	172
1818	165
1819	165
1820	152
1821	156
1822	155
1823	177
1824	149
1825	156
1826	173
1827	194
1828	178
1829	194
1830	190
1831	160
1832	184
1833	156
1834	176
1835	158
1836	163
1837	152
1838	166
1839	184
1840	177
1841	182
1842	176
1843	165
1844	149
1845	174
1846	198
1847	171
1848	173
1849	178
1850	159
1851	179
1852	184
1853	159
1854	163
1855	170
1856	152
1857	164
1858	163
1859	190
1860	166
1861	167
1862	187
1863	182
1864	163
1865	184
1866	180
1867	162
1868	175
1869	140
1870	177
1871	180
1872	183
1873	186
1874	140
1875	175
1876	204
1877	174
1878	162
1879	197
1880	206
1881	158
1882	184
1883	158
1884	162
1885	154
1886	172
1887	173
1888	166
1889	163
1890	158
1891	175
1892	203
1893	167
1894	159
1895	171
1896	177
1897	172
1898	166
1899	194
1900	170
1901	166
1902	180
1903	168
1904	153
1905	167
1906	163
1907	154
1908	180
1909	183
1910	162
1911	164
1912	189
1913	168
1914	153
1915	159
1916	171
1917	189
1918	185
1919	206
1920	168
1921	170
1922	210
1923	182
1924	151
1925	180
1926	186
1927	168
1928	182
1929	184
1930	162
1931	177
1932	172
1933	180
1934	165
1935	178
1936	188
1937	170
1938	155
1939	175
1940	198
1941	170
1942	189
1943	189
1944	181
1945	200
1946	175
1947	191
1948	176
1949	169
1950	151
1951	162
1952	183
1953	174
1954	176
1955	180
1956	175
1957	179
1958	185
1959	177
1960	184
1961	189
1962	165
1963	168
1964	180
1965	156
1966	192
1967	174
1968	191
1969	172
1970	178
1971	171
1972	183
1973	187
1974	170
1975	175
1976	185
1977	185
1978	177
1979	174
1980	186
1981	166
1982	168
1983	196
1984	169
1985	201
1986	168
1987	208
1988	180
1989	161
1990	185
1991	186
1992	192
1993	176
1994	174
1995	152
1996	179
1997	180
1998	189
1999	182
2000	150
2001	182
2002	173
2003	171
2004	167
2005	189
2006	171
2007	164
2008	194
2009	172
2010	197
2011	167
2012	181
2013	201
2014	200
2015	186
2016	150
2017	179
2018	186
2019	168
2020	187
2021	174
2022	167
2023	152
2024	182
2025	196
2026	193
2027	182
2028	181
2029	169
2030	179
2031	195
2032	187
2033	180
2034	186
2035	192
2036	169
2037	176
2038	187
2039	196
2040	191
2041	182
2042	193
2043	184
2044	180
2045	186
2046	177
2047	196
2048	199
2049	208
2050	208
2051	215
2052	180
2053	171
2054	181
2055	182
2056	171
2057	173
2058	191
2059	181
2060	174
2061	169
2062	217
2063	187
2064	190
2065	185
2066	178
2067	199
2068	194
2069	196
2070	188
2071	175
2072	196
2073	190
2074	195
2075	188
2076	200
2077	181
2078	188
2079	198
2080	174
2081	204
2082	197
2083	208
2084	212
2085	201
2086	175
2087	191
2088	152
2089	188
2090	162
2091	177
2092	187
2093	211
2094	204
2095	184
2096	214
2097	211
2098	187
2099	203
2100	178
2101	174
2102	204
2103	208
2104	194
2105	194
2106	171
2107	169
2108	174
2109	175
2110	205
2111	187
2112	197
2113	187
2114	205
2115	181
2116	219
2117	200
2118	197
2119	208
2120	190
2121	206
2122	189
2123	185
2124	189
2125	185
2126	196
2127	183
2128	190
2129	195
2130	194
2131	197
2132	203
2133	192
2134	198
2135	225
2136	200
2137	219
2138	183
2139	189
2140	196
2141	219
2142	182
2143	199
2144	182
2145	209
2146	213
2147	200
2148	220
2149	231
2150	216
2151	215
2152	223
2153	187
2154	210
2155	223
2156	218
2157	195
2158	202
2159	216
2160	215
2161	194
2162	188
2163	193
2164	192
2165	209
2166	214
2167	200
2168	218
2169	207
2170	211
2171	219
2172	225
2173	193
2174	202
2175	208
2176	206
2177	223
2178	195
2179	198
2180	190
2181	208
2182	195
2183	222
2184	188
2185	211
2186	207
2187	224
2188	234
2189	174
2190	188
2191	197
2192	201
2193	210
2194	220
2195	224
2196	215
2197	191
2198	183
2199	213
2200	213
2201	207
2202	210
2203	195
2204	214
2205	191
2206	236
2207	228
2208	202
2209	219
2210	195
2211	200
2212	192
2213	223
2214	199
2215	217
2216	199
2217	222
2218	201
2219	226
2220	226
2221	202
2222	235
2223	215
2224	210
2225	216
2226	213
2227	244
2228	179
2229	217
2230	231
2231	227
2232	232
2233	217
2234	204
2235	197
2236	226
2237	224
2238	213
2239	212
2240	216
2241	208
2242	226
2243	192
2244	234
2245	233
2246	223
2247	253
2248	223
2249	237
2250	213
2251	217
2252	215
2253	210
2254	262
2255	219
2256	221
2257	239
2258	225
2259	243
2260	202
2261	228
2262	195
2263	257
2264	223
2265	226
2266	221
2267	181
2268	235
2269	218
2270	238
2271	223
2272	244
2273	193
2274	216
2275	220
2276	222
2277	239
2278	244
2279	239
2280	212
2281	208
2282	225
2283	225
2284	209
2285	217
2286	204
2287	230
2288	233
2289	256
2290	223
2291	243
2292	248
2293	234
2294	239
2295	224
2296	233
2297	222
2298	237
2299	246
2300	213
2301	253
2302	226
2303	244
2304	231
2305	249
2306	215
2307	223
2308	227
2309	279
2310	241
2311	218
2312	231
2313	263
2314	256
2315	240
2316	229
2317	233
2318	237
2319	215
2320	241
2321	236
2322	247
2323	231
2324	247
2325	249
2326	247
2327	262
2328	249
2329	212
2330	205
2331	251
2332	234
2333	217
2334	242
2335	261
2336	250
2337	242
2338	260
2339	234
2340	224
2341	237
2342	216
2343	253
2344	242
2345	235
2346	278
2347	237
2348	250
2349	237
2350	229
2351	240
2352	227
2353	287
2354	251
2355	230
2356	230
2357	225
2358	250
2359	228
2360	235
2361	244
2362	261
2363	254
2364	224
2365	280
2366	264
2367	245
2368	232
2369	284
2370	275
2371	240
2372	240
2373	240
2374	255
2375	243
2376	255
2377	241
2378	231
2379	238
2380	256
2381	258
2382	276
2383	244
2384	245
2385	238
2386	235
2387	262
2388	255
2389	252
2390	244
2391	247
2392	223
2393	246
2394	218
2395	255
2396	268
2397	233
2398	268
2399	246
2400	235
2401	232
2402	255
2403	283
2404	259
2405	254
2406	253
2407	267
2408	247
2409	247
2410	248
2411	259
2412	268
2413	246
2414	237
2415	280
2416	252
2417	231
2418	261
2419	228
2420	260
2421	236
2422	254
2423	259
2424	240
2425	248
2426	248
2427	268
2428	246
2429	252
2430	249
2431	231
2432	263
2433	245
2434	226
2435	234
2436	239
2437	246
2438	250
2439	264
2440	259
2441	243
2442	259
2443	222
2444	264
2445	243
2446	258
2447	229
2448	230
2449	217
2450	281
2451	252
2452	252
2453	231
2454	247
2455	262
2456	231
2457	217
2458	245
2459	215
2460	258
2461	238
2462	251
2463	221
2464	237
2465	206
2466	208
2467	233
2468	217
2469	210
2470	218
2471	209
2472	228
2473	189
2474	192
2475	208
2476	200
2477	205
2478	188
2479	192
2480	211
2481	184
2482	184
2483	164
2484	203
2485	173
2486	176
2487	203
2488	169
2489	165
2490	170
2491	166
2492	177
2493	177
2494	154
2495	143
2496	151
2497	150
2498	168
2499	148
2500	177
2501	135
2502	170
2503	168
2504	134
2505	159
2506	162
2507	153
2508	164
2509	155
2510	150
2511	141
2512	137
2513	162
2514	140
2515	157
2516	136
2517	144
2518	149
2519	165
2520	136
2521	132
2522	153
2523	126
2524	147
2525	142
2526	113
2527	119
2528	118
2529	148
2530	124
2531	132
2532	127
2533	120
2534	127
2535	122
2536	142
2537	131
2538	137
2539	131
2540	131
2541	134
2542	148
2543	108
2544	154
2545	152
2546	128
2547	120
2548	122
2549	127
2550	112
2551	119
2552	137
2553	132
2554	119
2555	121
2556	111
2557	138
2558	122
2559	131
2560	118
2561	117
2562	132
2563	129
2564	123
2565	132
2566	124
2567	111
2568	132
2569	123
2570	127
2571	113
2572	133
2573	121
2574	105
2575	107
2576	104
2577	107
2578	137
2579	123
2580	114
2581	114
2582	119
2583	119
2584	115
2585	107
2586	105
2587	102
2588	95
2589	110
2590	123
2591	95
2592	114
2593	124
2594	115
2595	107
2596	108
2597	106
2598	110
2599	127
2600	122
2601	109
2602	129
2603	121
2604	113
2605	121
2606	105
2607	126
2608	116
2609	100
2610	110
2611	105
2612	124
2613	87
2614	118
2615	109
2616	115
2617	98
2618	121
2619	102
2620	95
2621	94
2622	104
2623	98
2624	94
2625	110
2626	109
2627	105
2628	94
2629	114
2630	129
2631	90
2632	97
2633	95
2634	107
2635	119
2636	90
2637	94
2638	93
2639	107
2640	105
2641	79
2642	104
2643	103
2644	94
2645	89
2646	97
2647	103
2648	113
2649	80
2650	97
2651	90
2652	88
2653	92
2654	93
2655	95
2656	101
2657	86
2658	98
2659	91
2660	97
2661	95
2662	81
2663	89
2664	101
2665	78
2666	105
2667	94
2668	87
2669	79
2670	83
2671	68
2672	89
2673	110
2674	91
2675	88
2676	94
2677	91
2678	75
2679	79
2680	69
2681	70
2682	93
2683	86
2684	99
2685	84
2686	88
2687	73
2688	92
2689	94
2690	76
2691	87
2692	88
2693	106
2694	86
2695	79
2696	71
2697	88
2698	76
2699	71
2700	81
2701	85
2702	95
2703	83
2704	74
2705	75
2706	96
2707	73
2708	72
2709	68
2710	69
2711	77
2712	90
2713	79
2714	65
2715	64
2716	75
2717	62
2718	84
2719	92
2720	78
2721	85
2722	81
2723	77
2724	68
2725	73
2726	99
2727	64
2728	80
2729	81
2730	66
2731	56
2732	67
2733	83
2734	86
2735	73
2736	75
2737	79
2738	68
2739	71
2740	63
2741	67
2742	49
2743	68
2744	72
2745	68
2746	63
2747	72
2748	72
2749	59
2750	76
2751	61
2752	55
2753	81
2754	83
2755	78
2756	61
2757	58
2758	79
2759	62
2760	72
2761	64
2762	59
2763	58
2764	59
2765	60
2766	71
2767	64
2768	85
2769	63
2770	67
2771	79
2772	59
2773	65
2774	62
2775	56
2776	56
2777	67
2778	63
2779	76
2780	72
2781	71
2782	65
2783	70
2784	64
2785	65
2786	52
2787	60
2788	65
2789	48
2790	65
2791	59
2792	77
2793	67
2794	66
2795	59
2796	49
2797	44
2798	68
2799	59
2800	54
2801	55
2802	70
2803	63
2804	66
2805	52
2806	39
2807	62
2808	61
2809	59
2810	52
2811	58
2812	68
2813	56
2814	49
2815	60
2816	41
2817	56
2818	62
2819	58
2820	63
2821	46
2822	64
2823	46
2824	54
2825	55
2826	53
2827	43
2828	55
2829	53
2830	42
2831	45
2832	55
2833	44
2834	43
2835	67
2836	60
2837	47
2838	58
2839	49
2840	50
2841	35
2842	45
2843	48
2844	38
2845	42
2846	48
2847	60
2848	64
2849	41
2850	47
2851	41
2852	57
2853	47
2854	48
2855	48
2856	46
2857	47
2858	42
2859	46
2860	35
2861	52
2862	48
2863	48
2864	40
2865	45
2866	48
2867	41
2868	35
2869	38
2870	43
2871	46
2872	33
2873	47
2874	37
2875	39
2876	40
2877	39
2878	43
2879	41
2880	40
2881	37
2882	33
2883	42
2884	42
2885	45
2886	44
2887	35
2888	33
2889	42
2890	27
2891	33
2892	36
2893	38
2894	36
2895	30
2896	39
2897	42
2898	46
2899	40
2900	40
2901	26
2902	40
2903	34
2904	28
2905	34
2906	43
2907	33
2908	27
2909	47
2910	28
2911	36
2912	28
2913	32
2914	37
2915	35
2916	45
2917	37
2918	45
2919	42
2920	49
2921	48
2922	38
2923	40
2924	40
2925	48
2926	44
2927	35
2928	34
2929	36
2930	46
2931	34
2932	38
2933	27
2934	30
2935	35
2936	32
2937	25
2938	34
2939	33
2940	47
2941	41
2942	39
2943	31
2944	42
2945	26
2946	25
2947	33
2948	39
2949	50
2950	39
2951	46
2952	25
2953	25
2954	35
2955	38
2956	32
2957	44
2958	29
2959	29
2960	40
2961	34
2962	40
2963	38
2964	43
2965	40
2966	32
2967	40
2968	40
2969	40
2970	39
2971	30
2972	37
2973	28
2974	30
2975	40
2976	36
2977	48
2978	40
2979	37
2980	38
2981	33
2982	40
2983	33
2984	36
2985	33
2986	38
2987	31
2988	45
2989	38
2990	25
2991	23
2992	31
2993	32
2994	30
2995	30
2996	31
2997	21
2998	45
2999	28
3000	30
3001	41
3002	36
3003	35
3004	25
3005	22
3006	31
3007	33
3008	33
3009	35
3010	27
3011	29
3012	30
3013	30
3014	35
3015	28
3016	41
3017	25
3018	31
3019	30
3020	30
3021	24
3022	28
3023	39
3024	35
3025	42
3026	34
3027	28
3028	24
3029	29
3030	37
3031	31
3032	31
3033	34
3034	39
3035	31
3036	33
3037	29
3038	35
3039	34
3040	41
3041	29
3042	27
3043	33
3044	28
3045	28
3046	23
3047	23
3048	36
3049	33
3050	35
3051	30
3052	27
3053	27
3054	27
3055	25
3056	26
3057	31
3058	31
3059	26
3060	27
3061	31
3062	30
3063	18
3064	15
3065	34
3066	29
3067	30
3068	32
3069	22
3070	30
3071	31
3072	21
3073	36
3074	26
3075	27
3076	29
3077	20
3078	38
3079	31
3080	35
3081	27
3082	28
3083	32
3084	23
3085	28
3086	21
3087	33
3088	25
3089	33
3090	23
3091	27
3092	29
3093	31
3094	24
3095	39
3096	25
3097	34
3098	19
3099	30
3100	29
3101	37
3102	32
3103	24
3104	30
3105	26
3106	29
3107	32
3108	26
3109	30
3110	18
3111	24
3112	23
3113	27
3114	27
3115	25
3116	31
3117	25
3118	35
3119	32
3120	26
3121	34
3122	26
3123	35
3124	42
3125	24
3126	33
3127	26
3128	30
3129	28
3130	28
3131	30
3132	29
3133	34
3134	38
3135	28
3136	23
3137	22
3138	19
3139	25
3140	25
3141	31
3142	26
3143	20
3144	34
3145	24
3146	23
3147	26
3148	28
3149	24
3150	37
3151	19
3152	30
3153	22
3154	30
3155	29
3156	22
3157	16
3158	27
3159	20
3160	31
3161	29
3162	39
3163	29
3164	29
3165	34
3166	38
3167	32
3168	25
3169	40
3170	37
3171	37
3172	26
3173	33
3174	27
3175	30
3176	24
3177	28
3178	26
3179	25
3180	24
3181	22
3182	25
3183	22
3184	20
3185	21
3186	32
3187	19
3188	23
3189	22
3190	21
3191	21
3192	24
3193	19
3194	24
3195	19
3196	27
3197	20
3198	24
3199	26
3200	22
3201	23
3202	33
3203	28
3204	35
3205	21
3206	22
3207	27
3208	27
3209	32
3210	29
3211	25
3212	29
3213	23
3214	28
3215	26
3216	20
3217	22
3218	28
3219	27
3220	30
3221	27
3222	33
3223	27
3224	19
3225	28
3226	30
3227	32
3228	22
3229	30
3230	22
3231	27
3232	23
3233	16
3234	21
3235	26
3236	21
3237	20
3238	26
3239	23
3240	23
3241	28
3242	22
3243	22
3244	20
3245	28
3246	19
3247	17
3248	20
3249	19
3250	42
3251	23
3252	24
3253	21
3254	24
3255	35
3256	29
3257	24
3258	33
3259	22
3260	27
3261	25
3262	27
3263	20
3264	29
3265	22
3266	29
3267	16
3268	18
3269	28
3270	19
3271	18
3272	26
3273	25
3274	29
3275	21
3276	27
3277	27
3278	28
3279	33
3280	27
3281	24
3282	35
3283	25
3284	19
3285	27
3286	31
3287	30
3288	27
3289	28
3290	29
3291	30
3292	23
3293	23
3294	24
3295	29
3296	27
3297	23
3298	22
3299	24
3300	32
3301	24
3302	18
3303	27
3304	18
3305	19
3306	21
3307	24
3308	22
3309	22
3310	24
3311	22
3312	28
3313	27
3314	19
3315	21
3316	26
3317	25
3318	23
3319	27
3320	33
3321	35
3322	19
3323	23
3324	18
3325	26
3326	22
3327	28
3328	26
3329	21
3330	30
3331	29
3332	16
3333	31
3334	26
3335	35
3336	14
3337	23
3338	25
3339	23
3340	21
3341	23
3342	24
3343	24
3344	20
3345	28
3346	23
3347	28
3348	28
3349	28
3350	29
3351	29
3352	26
3353	30
3354	20
3355	22
3356	23
3357	23
3358	25
3359	30
3360	18
3361	29
3362	29
3363	32
3364	30
3365	19
3366	24
3367	25
3368	23
3369	31
3370	26
3371	23
3372	24
3373	22
3374	27
3375	35
3376	26
3377	30
3378	28
3379	16
3380	36
3381	29
3382	26
3383	23
3384	25
3385	28
3386	26
3387	36
3388	26
3389	42
3390	31
3391	35
3392	35
3393	36
3394	21
3395	40
3396	32
3397	27
3398	30
3399	41
3400	29
3401	38
3402	37
3403	25
3404	39
3405	39
3406	39
3407	44
3408	48
3409	50
3410	55
3411	61
3412	75
3413	74
3414	89
3415	113
3416	111
3417	147
3418	162
3419	185
3420	182
3421	234
3422	264
3423	322
3424	340
3425	516
3426	639
3427	757
3428	929
3429	1188
3430	1613
3431	2220
3432	2796
3433	3557
3434	4598
3435	5639
3436	6697
3437	7921
3438	8880
3439	9629
3440	10122
3441	10574
3442	10273
3443	9875
3444	8993
3445	7909
3446	6721
3447	5279
3448	3951
3449	2792
3450	1852
3451	1200
3452	698
3453	453
3454	238
3455	131
3456	58
3457	29
3458	15
3459	6
3460	7
3461	6
3462	5
3463	4
3464	4
3465	0
3466	2
3467	3
3468	3
3469	6
3470	3
3471	2
3472	2
3473	1
3474	3
3475	4
3476	5
3477	1
3478	2
3479	2
3480	3
3481	3
3482	3
3483	5
3484	4
3485	4
3486	0
3487	2
3488	1
3489	4
3490	1
3491	4
3492	5
3493	4
3494	4
3495	4
3496	2
3497	2
3498	3
3499	4
3500	2
3501	0
3502	3
3503	2
3504	3
3505	3
3506	4
3507	3
3508	3
3509	5
3510	4
3511	0
3512	2
3513	0
3514	2
3515	2
3516	2
3517	1
3518	2
3519	3
3520	2
3521	3
3522	5
3523	3
3524	2
3525	1
3526	3
3527	3
3528	0
3529	2
3530	3
3531	4
3532	2
3533	0
3534	2
3535	1
3536	2
3537	3
3538	1
3539	0
3540	3
3541	0
3542	3
3543	3
3544	1
3545	1
3546	3
3547	5
3548	1
3549	3
3550	2
3551	2
3552	0
3553	2
3554	4
3555	0
3556	1
3557	0
3558	2
3559	2
3560	2
3561	0
3562	3
3563	5
3564	4
3565	1
3566	3
3567	3
3568	3
3569	4
3570	3
3571	2
3572	2
3573	1
3574	3
3575	1
3576	2
3577	4
3578	1
3579	4
3580	3
3581	0
3582	1
3583	1
3584	4
3585	2
3586	3
3587	0
3588	1
3589	0
3590	3
3591	3
3592	1
3593	2
3594	1
3595	2
3596	1
3597	1
3598	1
3599	3
3600	3
3601	4
3602	2
3603	1
3604	2
3605	1
3606	0
3607	0
3608	3
3609	2
3610	0
3611	1
3612	1
3613	1
3614	1
3615	1
3616	0
3617	2
3618	1
3619	1
3620	2
3621	2
3622	0
3623	1
3624	2
3625	0
3626	2
3627	1
3628	1
3629	2
3630	3
3631	0
3632	2
3633	0
3634	0
3635	0
3636	5
3637	0
3638	2
3639	2
3640	3
3641	2
3642	4
3643	1
3644	2
3645	2
3646	1
3647	2
3648	0
3649	1
3650	0
3651	2
3652	3
3653	1
3654	1
3655	3
3656	1
3657	1
3658	0
3659	1
3660	1
3661	0
3662	0
3663	0
3664	2
3665	0
3666	1
3667	1
3668	2
3669	0
3670	2
3671	1
3672	0
3673	2
3674	1
3675	3
3676	4
3677	3
3678	3
3679	0
3680	3
3681	1
3682	2
3683	0
3684	1
3685	1
3686	2
3687	1
3688	0
3689	2
3690	1
3691	4
3692	3
3693	1
3694	2
3695	0
3696	1
3697	0
3698	2
3699	0
3700	1
3701	3
3702	0
3703	0
3704	3
3705	0
3706	1
3707	2
3708	2
3709	1
3710	2
3711	2
3712	1
3713	0
3714	0
3715	0
3716	0
3717	1
3718	1
3719	0
3720	2
3721	2
3722	1
3723	3
3724	1
3725	1
3726	2
3727	1
3728	1
3729	2
3730	2
3731	1
3732	1
3733	0
3734	2
3735	1
3736	1
3737	2
3738	1
3739	1
3740	3
3741	3
3742	0
3743	1
3744	1
3745	0
3746	3
3747	0
3748	2
3749	0
3750	4
3751	1
3752	1
3753	2
3754	1
3755	1
3756	1
3757	5
3758	0
3759	0
3760	2
3761	2
3762	3
3763	3
3764	4
3765	0
3766	2
3767	2
3768	3
3769	1
3770	3
3771	2
3772	3
3773	5
3774	0
3775	2
3776	3
3777	1
3778	0
3779	0
3780	3
3781	2
3782	4
3783	2
3784	3
3785	2
3786	1
3787	2
3788	1
3789	2
3790	2
3791	1
3792	1
3793	0
3794	2
3795	1
3796	1
3797	0
3798	6
3799	0
3800	1
3801	0
3802	0
3803	2
3804	0
3805	1
3806	0
3807	1
3808	1
3809	2
3810	1
3811	2
3812	1
3813	2
3814	1
3815	1
3816	1
3817	1
3818	0
3819	1
3820	3
3821	2
3822	3
3823	1
3824	4
3825	0
3826	0
3827	1
3828	1
3829	1
3830	3
3831	0
3832	0
3833	1
3834	1
3835	2
3836	1
3837	0
3838	2
3839	1
3840	4
3841	1
3842	1
3843	3
3844	1
3845	1
3846	0
3847	1
3848	2
3849	3
3850	3
3851	1
3852	0
3853	2
3854	3
3855	1
3856	1
3857	1
3858	0
3859	4
3860	1
3861	3
3862	1
3863	3
3864	0
3865	1
3866	2
3867	2
3868	2
3869	1
3870	0
3871	3
3872	1
3873	1
3874	1
3875	1
3876	2
3877	0
3878	3
3879	1
3880	4
3881	0
3882	1
3883	2
3884	4
3885	1
3886	2
3887	4
3888	5
3889	2
3890	2
3891	0
3892	1
3893	0
3894	0
3895	2
3896	2
3897	2
3898	1
3899	1
3900	2
3901	0
3902	3
3903	0
3904	0
3905	0
3906	0
3907	1
3908	1
3909	0
3910	1
3911	0
3912	2
3913	2
3914	0
3915	1
3916	3
3917	2
3918	1
3919	2
3920	3
3921	3
3922	0
3923	0
3924	1
3925	2
3926	1
3927	1
3928	1
3929	1
3930	1
3931	2
3932	2
3933	0
3934	0
3935	2
3936	3
3937	2
3938	1
3939	1
3940	0
3941	1
3942	1
3943	0
3944	1
3945	1
3946	0
3947	2
3948	1
3949	1
3950	2
3951	1
3952	3
3953	0
3954	1
3955	2
3956	3
3957	0
3958	0
3959	1
3960	2
3961	5
3962	2
3963	1
3964	0
3965	2
3966	1
3967	3
3968	0
3969	4
3970	1
3971	1
3972	1
3973	3
3974	0
3975	1
3976	0
3977	3
3978	1
3979	1
3980	0
3981	3
3982	1
3983	1
3984	2
3985	1
3986	1
3987	1
3988	0
3989	0
3990	0
3991	1
3992	1
3993	1
3994	1
3995	0
3996	1
3997	1
3998	1
3999	1
4000	2
4001	0
4002	2
4003	2
4004	2
4005	1
4006	3
4007	5
4008	2
4009	0
4010	2
4011	0
4012	1
4013	0
4014	1
4015	3
4016	0
4017	0
4018	1
4019	1
4020	0
4021	3
4022	2
4023	3
4024	1
4025	0
4026	2
4027	1
4028	4
4029	0
4030	0
4031	1
4032	0
4033	1
4034	0
4035	0
4036	1
4037	0
4038	3
4039	0
4040	1
4041	1
4042	1
4043	2
4044	1
4045	2
4046	1
4047	0
4048	1
4049	0
4050	0
4051	2
4052	0
4053	2
4054	2
4055	2
4056	1
4057	4
4058	0
4059	3
4060	2
4061	0
4062	0
4063	0
4064	2
4065	0
4066	3
4067	1
4068	0
4069	3
4070	0
4071	1
4072	1
4073	1
4074	1
4075	1
4076	2
4077	0
4078	0
4079	1
4080	0
4081	1
4082	0
4083	2
4084	3
4085	0
4086	2
4087	0
4088	1
4089	0
4090	2
4091	1
4092	1
4093	0
4094	0
4095	1
4096	1
4097	2
4098	2
4099	1
4100	1
4101	2
4102	2
4103	0
4104	1
4105	2
4106	2
4107	2
4108	1
4109	0
4110	2
4111	1
4112	0
4113	1
4114	2
4115	2
4116	0
4117	0
4118	3
4119	0
4120	0
4121	0
4122	0
4123	1
4124	4
4125	2
4126	0
4127	1
4128	0
4129	0
4130	1
4131	2
4132	3
4133	2
4134	0
4135	1
4136	0
4137	1
4138	0
4139	0
4140	2
4141	1
4142	0
4143	1
4144	2
4145	1
4146	1
4147	1
4148	1
4149	0
4150	1
4151	1
4152	0
4153	1
4154	3
4155	4
4156	1
4157	0
4158	3
4159	1
4160	3
4161	3
4162	1
4163	0
4164	0
4165	0
4166	5
4167	0
4168	1
4169	0
4170	2
4171	3
4172	2
4173	2
4174	4
4175	0
4176	1
4177	0
4178	3
4179	2
4180	0
4181	2
4182	2
4183	2
4184	2
4185	1
4186	3
4187	0
4188	0
4189	2
4190	0
4191	2
4192	1
4193	0
4194	2
4195	2
4196	2
4197	0
4198	0
4199	0
4200	1
4201	1
4202	0
4203	0
4204	1
4205	0
4206	1
4207	0
4208	0
4209	1
4210	2
4211	1
4212	1
4213	1
4214	1
4215	0
4216	0
4217	1
4218	0
4219	2
4220	0
4221	1
4222	0
4223	1
4224	1
4225	2
4226	1
4227	0
4228	1
4229	1
4230	1
4231	2
4232	1
4233	1
4234	0
4235	0
4236	0
4237	1
4238	0
4239	2
4240	2
4241	1
4242	3
4243	1
4244	0
4245	2
4246	0
4247	0
4248	1
4249	0
4250	0
4251	1
4252	0
4253	2
4254	1
4255	1
4256	1
4257	1
4258	0
4259	0
4260	1
4261	0
4262	2
4263	1
4264	1
4265	0
4266	0
4267	1
4268	0
4269	1
4270	1
4271	2
4272	2
4273	1
4274	2
4275	2
4276	0
4277	0
4278	1
4279	1
4280	2
4281	3
4282	0
4283	0
4284	0
4285	0
4286	1
4287	0
4288	1
4289	2
4290	0
4291	0
4292	4
4293	1
4294	1
4295	0
4296	2
4297	0
4298	0
4299	2
4300	3
4301	1
4302	1
4303	1
4304	1
4305	1
4306	1
4307	1
4308	1
4309	0
4310	0
4311	0
4312	1
4313	2
4314	0
4315	0
4316	0
4317	2
4318	2
4319	2
4320	0
4321	0
4322	1
4323	1
4324	0
4325	0
4326	1
4327	0
4328	0
4329	2
4330	1
4331	2
4332	2
4333	1
4334	0
4335	1
4336	1
4337	2
4338	2
4339	3
4340	1
4341	0
4342	1
4343	1
4344	2
4345	0
4346	2
4347	1
4348	0
4349	0
4350	2
4351	1
4352	2
4353	2
4354	1
4355	2
4356	2
4357	1
4358	0
4359	1
4360	2
4361	2
4362	4
4363	0
4364	2
4365	0
4366	0
4367	0
4368	0
4369	1
4370	4
4371	0
4372	1
4373	1
4374	3
4375	1
4376	0
4377	1
4378	0
4379	0
4380	1
4381	0
4382	0
4383	1
4384	0
4385	0
4386	1
4387	0
4388	1
4389	0
4390	3
4391	3
4392	0
4393	0
4394	0
4395	0
4396	2
4397	2
4398	3
4399	0
4400	0
4401	2
4402	0
4403	1
4404	0
4405	0
4406	1
4407	1
4408	0
4409	1
4410	0
4411	0
4412	0
4413	0
4414	3
4415	1
4416	0
4417	0
4418	0
4419	3
4420	0
4421	1
4422	1
4423	1
4424	0
4425	1
4426	2
4427	2
4428	2
4429	1
4430	0
4431	2
4432	2
4433	1
4434	0
4435	0
4436	1
4437	1
4438	0
4439	0
4440	0
4441	3
4442	1
4443	1
4444	0
4445	1
4446	0
4447	2
4448	2
4449	4
4450	0
4451	1
4452	1
4453	0
4454	1
4455	2
4456	3
4457	0
4458	1
4459	2
4460	1
4461	0
4462	0
4463	2
4464	1
4465	0
4466	1
4467	0
4468	1
4469	0
4470	1
4471	0
4472	2
4473	1
4474	1
4475	1
4476	1
4477	1
4478	1
4479	1
4480	2
4481	0
4482	3
4483	3
4484	1
4485	1
4486	3
4487	3
4488	2
4489	2
4490	5
4491	1
4492	1
4493	1
4494	1
4495	1
4496	1
4497	2
4498	2
4499	2
4500	0
4501	1
4502	1
4503	1
4504	0
4505	1
4506	2
4507	1
4508	1
4509	1
4510	2
4511	2
4512	0
4513	1
4514	0
4515	0
4516	0
4517	1
4518	1
4519	0
4520	0
4521	0
4522	0
4523	0
4524	0
4525	2
4526	0
4527	0
4528	0
4529	2
4530	0
4531	2
4532	0
4533	2
4534	2
4535	1
4536	2
4537	2
4538	0
4539	2
4540	0
4541	4
4542	1
4543	0
4544	2
4545	0
4546	1
4547	2
4548	2
4549	0
4550	1
4551	0
4552	2
4553	1
4554	2
4555	1
4556	0
4557	2
4558	0
4559	2
4560	0
4561	1
4562	1
4563	0
4564	1
4565	0
4566	2
4567	3
4568	0
4569	2
4570	1
4571	0
4572	0
4573	2
4574	2
4575	1
4576	0
4577	1
4578	0
4579	1
4580	3
4581	0
4582	1
4583	0
4584	1
4585	0
4586	0
4587	2
4588	0
4589	1
4590	2
4591	1
4592	0
4593	0
4594	0
4595	0
4596	0
4597	2
4598	2
4599	0
4600	0
4601	0
4602	1
4603	0
4604	1
4605	2
4606	1
4607	2
4608	1
4609	2
4610	0
4611	3
4612	0
4613	1
4614	0
4615	1
4616	2
4617	0
4618	0
4619	2
4620	1
4621	0
4622	0
4623	0
4624	1
4625	1
4626	1
4627	0
4628	1
4629	1
4630	0
4631	0
4632	0
4633	1
4634	2
4635	0
4636	1
4637	1
4638	2
4639	0
4640	2
4641	1
4642	1
4643	0
4644	0
4645	2
4646	0
4647	0
4648	1
4649	2
4650	1
4651	2
4652	0
4653	2
4654	1
4655	1
4656	2
4657	1
4658	2
4659	0
4660	1
4661	0
4662	0
4663	0
4664	0
4665	1
4666	0
4667	3
4668	0
4669	1
4670	0
4671	0
4672	1
4673	0
4674	1
4675	0
4676	0
4677	0
4678	0
4679	0
4680	1
4681	1
4682	2
4683	3
4684	1
4685	0
4686	0
4687	1
4688	0
4689	0
4690	1
4691	0
4692	1
4693	1
4694	0
4695	1
4696	2
4697	0
4698	3
4699	2
4700	2
4701	0
4702	1
4703	1
4704	2
4705	0
4706	2
4707	2
4708	0
4709	1
4710	0
4711	2
4712	0
4713	0
4714	0
4715	3
4716	0
4717	1
4718	1
4719	0
4720	0
4721	0
4722	3
4723	2
4724	0
4725	1
4726	0
4727	2
4728	0
4729	1
4730	3
4731	1
4732	2
4733	0
4734	0
4735	1
4736	1
4737	2
4738	3
4739	2
4740	0
4741	1
4742	0
4743	1
4744	0
4745	4
4746	1
4747	0
4748	3
4749	0
4750	2
4751	1
4752	4
4753	2
4754	0
4755	3
4756	1
4757	0
4758	3
4759	0
4760	1
4761	1
4762	1
4763	0
4764	2
4765	0
4766	0
4767	0
4768	0
4769	0
4770	1
4771	1
4772	1
4773	0
4774	1
4775	0
4776	1
4777	0
4778	0
4779	0
4780	2
4781	2
4782	0
4783	1
4784	2
4785	0
4786	0
4787	1
4788	2
4789	1
4790	1
4791	0
4792	1
4793	2
4794	2
4795	1
4796	0
4797	1
4798	0
4799	1
4800	0
4801	1
4802	1
4803	1
4804	3
4805	0
4806	0
4807	1
4808	0
4809	1
4810	0
4811	0
4812	0
4813	0
4814	1
4815	2
4816	3
4817	1
4818	2
4819	0
4820	1
4821	0
4822	0
4823	1
4824	0
4825	0
4826	0
4827	0
4828	1
4829	1
4830	1
4831	4
4832	2
4833	1
4834	1
4835	1
4836	1
4837	0
4838	0
4839	0
4840	1
4841	0
4842	0
4843	1
4844	1
4845	1
4846	0
4847	0
4848	0
4849	0
4850	1
4851	0
4852	1
4853	2
4854	1
4855	0
4856	1
4857	0
4858	0
4859	0
4860	1
4861	1
4862	1
4863	1
4864	0
4865	0
4866	0
4867	0
4868	1
4869	2
4870	1
4871	2
4872	0
4873	0
4874	0
4875	0
4876	2
4877	0
4878	1
4879	0
4880	0
4881	1
4882	2
4883	0
4884	0
4885	1
4886	2
4887	0
4888	0
4889	1
4890	0
4891	0
4892	0
4893	1
4894	0
4895	0
4896	1
4897	0
4898	2
4899	0
4900	2
4901	0
4902	1
4903	0
4904	0
4905	0
4906	0
4907	2
4908	1
4909	1
4910	1
4911	0
4912	0
4913	0
4914	0
4915	0
4916	0
4917	1
4918	0
4919	2
4920	2
4921	0
4922	1
4923	3
4924	2
4925	0
4926	0
4927	2
4928	1
4929	0
4930	1
4931	2
4932	0
4933	0
4934	1
4935	0
4936	1
4937	2
4938	0
4939	1
4940	0
4941	1
4942	1
4943	2
4944	1
4945	0
4946	1
4947	1
4948	0
4949	0
4950	1
4951	1
4952	2
4953	0
4954	0
4955	0
4956	0
4957	0
4958	0
4959	0
4960	3
4961	0
4962	1
4963	0
4964	2
4965	0
4966	0
4967	3
4968	1
4969	1
4970	1
4971	0
4972	1
4973	3
4974	0
4975	1
4976	1
4977	0
4978	1
4979	0
4980	0
4981	0
4982	0
4983	1
4984	0
4985	1
4986	1
4987	0
4988	0
4989	1
4990	1
4991	3
4992	3
4993	1
4994	1
4995	0
4996	2
4997	0
4998	2
4999	1
5000	1
5001	0
5002	1
5003	0
5004	3
5005	1
5006	1
5007	1
5008	0
5009	1
5010	1
5011	0
5012	1
5013	2
5014	0
5015	2
5016	0
5017	1
5018	0
5019	2
5020	5
5021	1
5022	2
5023	3
5024	2
5025	3
5026	0
5027	1
5028	1
5029	2
5030	2
5031	1
5032	1
5033	3
5034	1
5035	2
5036	0
5037	0
5038	0
5039	2
5040	2
5041	2
5042	1
5043	2
5044	2
5045	1
5046	1
5047	2
5048	4
5049	1
5050	4
5051	0
5052	0
5053	0
5054	3
5055	0
5056	2
5057	2
5058	1
5059	0
5060	0
5061	1
5062	1
5063	0
5064	1
5065	2
5066	0
5067	0
5068	1
5069	0
5070	0
5071	1
5072	1
5073	0
5074	0
5075	2
5076	0
5077	0
5078	1
5079	0
5080	0
5081	0
5082	0
5083	0
5084	0
5085	1
5086	1
5087	1
5088	1
5089	2
5090	0
5091	2
5092	1
5093	0
5094	0
5095	0
5096	0
5097	2
5098	1
5099	1
5100	0
5101	0
5102	0
5103	0
5104	0
5105	0
5106	0
5107	0
5108	0
5109	1
5110	0
5111	2
5112	0
5113	1
5114	0
5115	0
5116	0
5117	1
5118	1
5119	0
5120	1
5121	0
5122	0
5123	0
5124	0
5125	1
5126	0
5127	1
5128	0
5129	0
5130	1
5131	1
5132	0
5133	2
5134	2
5135	1
5136	0
5137	0
5138	1
5139	0
5140	0
5141	1
5142	0
5143	0
5144	1
5145	0
5146	1
5147	1
5148	0
5149	1
5150	1
5151	0
5152	1
5153	1
5154	2
5155	0
5156	0
5157	0
5158	1
5159	0
5160	0
5161	0
5162	1
5163	2
5164	2
5165	2
5166	1
5167	0
5168	0
5169	1
5170	0
5171	1
5172	1
5173	0
5174	0
5175	2
5176	2
5177	0
5178	0
5179	0
5180	1
5181	1
5182	2
5183	0
5184	0
5185	0
5186	1
5187	0
5188	0
5189	0
5190	0
5191	1
5192	1
5193	0
5194	1
5195	1
5196	0
5197	1
5198	0
5199	0
5200	1
5201	0
5202	0
5203	0
5204	0
5205	0
5206	0
5207	0
5208	0
5209	0
5210	0
5211	0
5212	0
5213	0
5214	0
5215	0
5216	1
5217	2
5218	0
5219	2
5220	0
5221	1
5222	1
5223	1
5224	1
5225	0
5226	2
5227	1
5228	0
5229	0
5230	1
5231	0
5232	0
5233	3
5234	1
5235	0
5236	1
5237	0
5238	0
5239	0
5240	1
5241	1
5242	2
5243	2
5244	1
5245	0
5246	0
5247	0
5248	1
5249	0
5250	0
5251	0
5252	0
5253	0
5254	0
5255	0
5256	0
5257	1
5258	1
5259	1
5260	0
5261	2
5262	0
5263	0
5264	0
5265	0
5266	1
5267	0
5268	1
5269	2
5270	0
5271	0
5272	2
5273	0
5274	0
5275	1
5276	1
5277	0
5278	0
5279	1
5280	1
5281	1
5282	0
5283	0
5284	0
5285	1
5286	0
5287	0
5288	1
5289	1
5290	0
5291	0
5292	1
5293	0
5294	0
5295	1
5296	0
5297	0
5298	0
5299	2
5300	1
5301	0
5302	2
5303	0
5304	2
5305	0
5306	1
5307	1
5308	0
5309	0
5310	1
5311	1
5312	0
5313	1
5314	2
5315	1
5316	1
5317	1
5318	0
5319	1
5320	0
5321	1
5322	1
5323	1
5324	0
5325	0
5326	0
5327	4
5328	1
5329	1
5330	0
5331	1
5332	1
5333	0
5334	1
5335	1
5336	0
5337	0
5338	1
5339	1
5340	0
5341	0
5342	0
5343	0
5344	0
5345	0
5346	1
5347	2
5348	0
5349	1
5350	1
5351	0
5352	0
5353	0
5354	2
5355	0
5356	0
5357	1
5358	1
5359	1
5360	0
5361	0
5362	1
5363	2
5364	0
5365	0
5366	1
5367	0
5368	0
5369	0
5370	1
5371	0
5372	0
5373	1
5374	1
5375	1
5376	0
5377	0
5378	0
5379	0
5380	0
5381	0
5382	0
5383	0
5384	0
5385	1
5386	0
5387	1
5388	0
5389	0
5390	1
5391	0
5392	2
5393	0
5394	1
5395	2
5396	1
5397	0
5398	0
5399	0
5400	1
5401	0
5402	0
5403	0
5404	0
5405	0
5406	1
5407	0
5408	0
5409	0
5410	2
5411	0
5412	0
5413	1
5414	1
5415	1
5416	0
5417	3
5418	0
5419	1
5420	0
5421	1
5422	1
5423	1
5424	0
5425	0
5426	2
5427	0
5428	1
5429	0
5430	0
5431	0
5432	1
5433	1
5434	1
5435	0
5436	0
5437	0
5438	1
5439	0
5440	1
5441	0
5442	0
5443	1
5444	2
5445	1
5446	1
5447	0
5448	0
5449	0
5450	1
5451	0
5452	0
5453	0
5454	0
5455	0
5456	1
5457	0
5458	0
5459	1
5460	0
5461	0
5462	0
5463	1
5464	0
5465	4
5466	0
5467	0
5468	0
5469	1
5470	1
5471	0
5472	2
5473	3
5474	0
5475	3
5476	1
5477	0
5478	0
5479	1
5480	0
5481	0
5482	1
5483	1
5484	0
5485	0
5486	0
5487	0
5488	0
5489	0
5490	0
5491	0
5492	0
5493	0
5494	0
5495	0
5496	1
5497	1
5498	1
5499	0
5500	0
5501	1
5502	0
5503	1
5504	0
5505	0
5506	2
5507	0
5508	0
5509	0
5510	0
5511	0
5512	1
5513	0
5514	1
5515	1
5516	1
5517	1
5518	0
5519	1
5520	0
5521	1
5522	0
5523	1
5524	1
5525	1
5526	2
5527	0
5528	1
5529	2
5530	0
5531	1
5532	0
5533	1
5534	0
5535	2
5536	1
5537	0
5538	2
5539	1
5540	0
5541	0
5542	0
5543	2
5544	2
5545	0
5546	1
5547	1
5548	0
5549	1
5550	0
5551	1
5552	0
5553	0
5554	1
5555	0
5556	1
5557	1
5558	0
5559	0
5560	2
5561	1
5562	0
5563	0
5564	0
5565	1
5566	1
5567	0
5568	1
5569	0
5570	1
5571	0
5572	0
5573	0
5574	1
5575	0
5576	1
5577	0
5578	0
5579	0
5580	0
5581	0
5582	0
5583	0
5584	3
5585	1
5586	1
5587	1
5588	1
5589	0
5590	0
5591	0
5592	1
5593	1
5594	1
5595	0
5596	0
5597	1
5598	1
5599	1
5600	0
5601	1
5602	0
5603	3
5604	2
5605	0
5606	1
5607	1
5608	0
5609	1
5610	0
5611	0
5612	0
5613	0
5614	2
5615	0
5616	1
5617	0
5618	0
5619	2
5620	0
5621	1
5622	0
5623	1
5624	0
5625	1
5626	0
5627	0
5628	1
5629	0
5630	1
5631	1
5632	0
5633	1
5634	0
5635	0
5636	0
5637	0
5638	0
5639	0
5640	0
5641	3
5642	1
5643	1
5644	1
5645	1
5646	1
5647	2
5648	1
5649	1
5650	0
5651	0
5652	0
5653	0
5654	0
5655	3
5656	0
5657	1
5658	0
5659	2
5660	0
5661	0
5662	3
5663	0
5664	2
5665	0
5666	0
5667	2
5668	0
5669	0
5670	0
5671	0
5672	0
5673	0
5674	1
5675	1
5676	0
5677	1
5678	1
5679	0
5680	0
5681	1
5682	3
5683	1
5684	1
5685	1
5686	1
5687	1
5688	0
5689	2
5690	1
5691	1
5692	0
5693	1
5694	0
5695	0
5696	0
5697	1
5698	0
5699	0
5700	0
5701	0
5702	1
5703	0
5704	2
5705	0
5706	0
5707	0
5708	2
5709	0
5710	0
5711	0
5712	0
5713	1
5714	0
5715	1
5716	1
5717	0
5718	0
5719	0
5720	0
5721	0
5722	0
5723	1
5724	0
5725	0
5726	2
5727	1
5728	1
5729	0
5730	0
5731	0
5732	0
5733	1
5734	1
5735	1
5736	1
5737	0
5738	1
5739	0
5740	0
5741	1
5742	1
5743	1
5744	1
5745	0
5746	0
5747	0
5748	1
5749	1
5750	0
5751	1
5752	2
5753	0
5754	0
5755	1
5756	0
5757	2
5758	0
5759	0
5760	1
5761	1
5762	0
5763	0
5764	2
5765	0
5766	1
5767	0
5768	2
5769	1
5770	2
5771	0
5772	1
5773	2
5774	1
5775	2
5776	0
5777	0
5778	1
5779	1
5780	0
5781	0
5782	0
5783	0
5784	3
5785	1
5786	1
5787	1
5788	0
5789	1
5790	1
5791	0
5792	0
5793	1
5794	0
5795	1
5796	1
5797	1
5798	0
5799	1
5800	0
5801	1
5802	1
5803	0
5804	1
5805	0
5806	0
5807	0
5808	0
5809	0
5810	0
5811	2
5812	2
5813	0
5814	0
5815	2
5816	1
5817	0
5818	0
5819	0
5820	0
5821	0
5822	0
5823	0
5824	1
5825	0
5826	3
5827	2
5828	0
5829	0
5830	0
5831	1
5832	0
5833	0
5834	1
5835	2
5836	1
5837	1
5838	1
5839	2
5840	0
5841	0
5842	1
5843	1
5844	1
5845	1
5846	0
5847	1
5848	1
5849	0
5850	6
5851	1
5852	1
5853	2
5854	2
5855	0
5856	1
5857	1
5858	0
5859	0
5860	0
5861	0
5862	0
5863	0
5864	0
5865	2
5866	0
5867	2
5868	0
5869	0
5870	0
5871	2
5872	1
5873	0
5874	1
5875	0
5876	0
5877	1
5878	0
5879	1
5880	0
5881	2
5882	0
5883	0
5884	2
5885	2
5886	0
5887	1
5888	0
5889	0
5890	1
5891	2
5892	0
5893	0
5894	0
5895	3
5896	0
5897	0
5898	0
5899	0
5900	0
5901	0
5902	1
5903	0
5904	0
5905	0
5906	0
5907	2
5908	0
5909	0
5910	1
5911	1
5912	1
5913	1
5914	1
5915	1
5916	0
5917	0
5918	1
5919	0
5920	1
5921	0
5922	1
5923	1
5924	0
5925	2
5926	0
5927	0
5928	2
5929	1
5930	0
5931	0
5932	1
5933	0
5934	0
5935	1
5936	0
5937	1
5938	0
5939	2
5940	1
5941	0
5942	0
5943	1
5944	0
5945	0
5946	0
5947	0
5948	3
5949	0
5950	0
5951	0
5952	0
5953	0
5954	1
5955	1
5956	0
5957	1
5958	0
5959	0
5960	0
5961	1
5962	0
5963	0
5964	0
5965	0
5966	1
5967	0
5968	2
5969	1
5970	0
5971	1
5972	2
5973	0
5974	0
5975	1
5976	1
5977	1
5978	0
5979	0
5980	0
5981	2
5982	0
5983	0
5984	2
5985	0
5986	1
5987	1
5988	1
5989	1
5990	1
5991	0
5992	0
5993	0
5994	0
5995	0
5996	0
5997	0
5998	0
5999	0
6000	1
6001	1
6002	1
6003	2
6004	0
6005	0
6006	0
6007	1
6008	1
6009	1
6010	0
6011	0
6012	1
6013	0
6014	0
6015	1
6016	0
6017	0
6018	0
6019	0
6020	0
6021	0
6022	0
6023	2
6024	1
6025	0
6026	1
6027	0
6028	1
6029	1
6030	0
6031	0
6032	2
6033	1
6034	0
6035	1
6036	1
6037	1
6038	0
6039	0
6040	1
6041	0
6042	1
6043	0
6044	1
6045	1
6046	1
6047	2
6048	0
6049	1
6050	1
6051	1
6052	0
6053	1
6054	0
6055	1
6056	1
6057	1
6058	2
6059	0
6060	0
6061	0
6062	0
6063	0
6064	0
6065	0
6066	1
6067	1
6068	0
6069	0
6070	1
6071	1
6072	0
6073	0
6074	0
6075	1
6076	0
6077	0
6078	1
6079	0
6080	1
6081	0
6082	0
6083	1
6084	0
6085	0
6086	2
6087	1
6088	0
6089	1
6090	0
6091	1
6092	0
6093	1
6094	2
6095	0
6096	0
6097	0
6098	1
6099	0
6100	1
6101	0
6102	0
6103	0
6104	0
6105	0
6106	1
6107	1
6108	1
6109	1
6110	0
6111	1
6112	0
6113	1
6114	0
6115	2
6116	1
6117	0
6118	0
6119	3
6120	2
6121	0
6122	1
6123	0
6124	0
6125	1
6126	0
6127	0
6128	1
6129	0
6130	1
6131	1
6132	0
6133	0
6134	0
6135	1
6136	0
6137	0
6138	0
6139	2
6140	0
6141	0
6142	0
6143	1
6144	0
6145	0
6146	0
6147	1
6148	1
6149	0
6150	0
6151	1
6152	2
6153	1
6154	0
6155	1
6156	0
6157	2
6158	1
6159	0
6160	1
6161	1
6162	0
6163	0
6164	2
6165	0
6166	1
6167	1
6168	0
6169	1
6170	0
6171	0
6172	0
6173	1
6174	0
6175	0
6176	0
6177	2
6178	0
6179	0
6180	0
6181	0
6182	1
6183	1
6184	1
6185	0
6186	0
6187	2
6188	2
6189	0
6190	1
6191	0
6192	1
6193	2
6194	1
6195	2
6196	0
6197	1
6198	0
6199	1
6200	2
6201	1
6202	0
6203	0
6204	1
6205	0
6206	0
6207	1
6208	1
6209	3
6210	0
6211	2
6212	0
6213	1
6214	0
6215	1
6216	0
6217	1
6218	0
6219	2
6220	0
6221	0
6222	1
6223	0
6224	2
6225	2
6226	0
6227	0
6228	2
6229	2
6230	0
6231	1
6232	2
6233	1
6234	0
6235	0
6236	0
6237	0
6238	0
6239	1
6240	0
6241	1
6242	0
6243	1
6244	0
6245	0
6246	1
6247	0
6248	0
6249	0
6250	0
6251	0
6252	0
6253	1
6254	0
6255	0
6256	1
6257	1
6258	0
6259	0
6260	2
6261	2
6262	1
6263	0
6264	0
6265	1
6266	0
6267	1
6268	3
6269	2
6270	0
6271	1
6272	0
6273	0
6274	0
6275	0
6276	0
6277	0
6278	1
6279	0
6280	0
6281	0
6282	0
6283	0
6284	1
6285	0
6286	2
6287	0
6288	0
6289	0
6290	0
6291	1
6292	0
6293	1
6294	0
6295	1
6296	1
6297	1
6298	0
6299	1
6300	1
6301	2
6302	0
6303	0
6304	2
6305	0
6306	0
6307	2
6308	0
6309	0
6310	0
6311	1
6312	0
6313	1
6314	1
6315	0
6316	2
6317	1
6318	0
6319	1
6320	0
6321	1
6322	0
6323	0
6324	0
6325	0
6326	1
6327	0
6328	0
6329	1
6330	0
6331	0
6332	0
6333	0
6334	0
6335	0
6336	0
6337	0
6338	0
6339	0
6340	1
6341	1
6342	1
6343	0
6344	0
6345	0
6346	2
6347	2
6348	0
6349	0
6350	0
6351	0
6352	0
6353	0
6354	1
6355	0
6356	1
6357	0
6358	0
6359	1
6360	1
6361	0
6362	1
6363	0
6364	0
6365	2
6366	0
6367	0
6368	0
6369	1
6370	0
6371	1
6372	0
6373	0
6374	1
6375	2
6376	0
6377	0
6378	0
6379	1
6380	1
6381	0
6382	1
6383	0
6384	1
6385	0
6386	3
6387	1
6388	2
6389	0
6390	0
6391	1
6392	0
6393	1
6394	0
6395	1
6396	1
6397	0
6398	1
6399	2
6400	0
6401	0
6402	2
6403	0
6404	0
6405	0
6406	0
6407	0
6408	0
6409	0
6410	1
6411	0
6412	0
6413	0
6414	0
6415	0
6416	0
6417	1
6418	0
6419	0
6420	0
6421	0
6422	1
6423	1
6424	1
6425	3
6426	1
6427	0
6428	0
6429	0
6430	3
6431	0
6432	1
6433	0
6434	0
6435	0
6436	0
6437	0
6438	0
6439	0
6440	1
6441	0
6442	0
6443	0
6444	0
6445	2
6446	0
6447	1
6448	1
6449	0
6450	1
6451	1
6452	2
6453	1
6454	0
6455	0
6456	1
6457	1
6458	0
6459	2
6460	2
6461	0
6462	2
6463	1
6464	1
6465	1
6466	2
6467	0
6468	1
6469	1
6470	1
6471	0
6472	1
6473	0
6474	1
6475	0
6476	1
6477	1
6478	0
6479	1
6480	2
6481	0
6482	0
6483	0
6484	0
6485	0
6486	0
6487	0
6488	0
6489	1
6490	0
6491	0
6492	0
6493	1
6494	0
6495	0
6496	1
6497	0
6498	1
6499	0
6500	1
6501	0
6502	0
6503	1
6504	0
6505	0
6506	0
6507	1
6508	0
6509	1
6510	1
6511	1
6512	0
6513	0
6514	1
6515	0
6516	0
6517	0
6518	0
6519	0
6520	0
6521	0
6522	0
6523	0
6524	0
6525	0
6526	2
6527	1
6528	0
6529	1
6530	2
6531	0
6532	0
6533	0
6534	0
6535	0
6536	2
6537	0
6538	0
6539	0
6540	1
6541	1
6542	2
6543	1
6544	1
6545	0
6546	0
6547	0
6548	0
6549	4
6550	1
6551	0
6552	1
6553	1
6554	0
6555	0
6556	0
6557	0
6558	0
6559	0
6560	0
6561	1
6562	1
6563	0
6564	0
6565	1
6566	1
6567	0
6568	0
6569	0
6570	0
6571	0
6572	0
6573	0
6574	0
6575	0
6576	0
6577	1
6578	0
6579	1
6580	2
6581	1
6582	0
6583	0
6584	1
6585	0
6586	0
6587	0
6588	0
6589	1
6590	1
6591	0
6592	1
6593	0
6594	0
6595	0
6596	1
6597	1
6598	0
6599	0
6600	0
6601	0
6602	0
6603	1
6604	1
6605	1
6606	0
6607	0
6608	0
6609	0
6610	0
6611	1
6612	0
6613	0
6614	0
6615	1
6616	2
6617	0
6618	0
6619	0
6620	1
6621	1
6622	1
6623	1
6624	0
6625	1
6626	1
6627	1
6628	0
6629	1
6630	0
6631	1
6632	0
6633	1
6634	0
6635	0
6636	0
6637	0
6638	0
6639	0
6640	1
6641	0
6642	1
6643	0
6644	0
6645	0
6646	0
6647	0
6648	0
6649	2
6650	1
6651	0
6652	0
6653	0
6654	0
6655	3
6656	0
6657	1
6658	2
6659	1
6660	0
6661	0
6662	0
6663	1
6664	0
6665	3
6666	0
6667	1
6668	1
6669	0
6670	0
6671	1
6672	0
6673	2
6674	0
6675	1
6676	0
6677	0
6678	0
6679	2
6680	2
6681	0
6682	0
6683	0
6684	0
6685	1
6686	0
6687	0
6688	0
6689	0
6690	1
6691	0
6692	0
6693	0
6694	1
6695	1
6696	1
6697	1
6698	1
6699	0
6700	2
6701	0
6702	1
6703	1
6704	2
6705	0
6706	1
6707	0
6708	0
6709	0
6710	0
6711	0
6712	1
6713	1
6714	0
6715	1
6716	0
6717	0
6718	0
6719	1
6720	0
6721	0
6722	1
6723	2
6724	1
6725	0
6726	1
6727	0
6728	1
6729	1
6730	0
6731	0
6732	1
6733	0
6734	0
6735	2
6736	0
6737	0
6738	0
6739	0
6740	0
6741	1
6742	0
6743	0
6744	0
6745	0
6746	0
6747	1
6748	0
6749	1
6750	0
6751	1
6752	0
6753	0
6754	0
6755	0
6756	0
6757	0
6758	1
6759	0
6760	0
6761	1
6762	0
6763	0
6764	1
6765	0
6766	0
6767	1
6768	0
6769	1
6770	1
6771	2
6772	1
6773	2
6774	1
6775	1
6776	0
6777	2
6778	1
6779	0
6780	1
6781	0
6782	0
6783	0
6784	1
6785	0
6786	1
6787	0
6788	1
6789	0
6790	0
6791	0
6792	1
6793	0
6794	1
6795	1
6796	0
6797	0
6798	1
6799	0
6800	1
6801	1
6802	0
6803	0
6804	0
6805	1
6806	0
6807	0
6808	0
6809	0
6810	0
6811	0
6812	0
6813	0
6814	0
6815	0
6816	1
6817	1
6818	0
6819	0
6820	1
6821	0
6822	0
6823	0
6824	0
6825	1
6826	0
6827	0
6828	0
6829	0
6830	1
6831	0
6832	0
6833	1
6834	0
6835	0
6836	1
6837	1
6838	0
6839	0
6840	1
6841	0
6842	0
6843	0
6844	1
6845	0
6846	0
6847	0
6848	0
6849	1
6850	0
6851	0
6852	1
6853	0
6854	0
6855	1
6856	1
6857	0
6858	0
6859	1
6860	0
6861	1
6862	0
6863	0
6864	0
6865	0
6866	1
6867	0
6868	0
6869	1
6870	0
6871	0
6872	0
6873	0
6874	0
6875	0
6876	0
6877	0
6878	0
6879	1
6880	0
6881	0
6882	0
6883	1
6884	1
6885	2
6886	1
6887	0
6888	0
6889	1
6890	1
6891	1
6892	0
6893	2
6894	0
6895	0
6896	0
6897	0
6898	0
6899	0
6900	0
6901	1
6902	0
6903	0
6904	2
6905	0
6906	1
6907	1
6908	0
6909	1
6910	0
6911	0
6912	0
6913	1
6914	0
6915	3
6916	0
6917	0
6918	0
6919	0
6920	0
6921	0
6922	0
6923	0
6924	0
6925	0
6926	0
6927	0
6928	0
6929	0
6930	0
6931	1
6932	1
6933	1
6934	0
6935	1
6936	0
6937	0
6938	1
6939	0
6940	1
6941	1
6942	2
6943	0
6944	0
6945	0
6946	0
6947	0
6948	0
6949	0
6950	0
6951	0
6952	0
6953	1
6954	1
6955	0
6956	0
6957	0
6958	1
6959	0
6960	0
6961	1
6962	0
6963	0
6964	0
6965	0
6966	0
6967	0
6968	0
6969	0
6970	1
6971	0
6972	0
6973	0
6974	0
6975	0
6976	0
6977	0
6978	1
6979	0
6980	0
6981	0
6982	2
6983	0
6984	1
6985	0
6986	0
6987	0
6988	1
6989	0
6990	0
6991	1
6992	0
6993	0
6994	0
6995	0
6996	0
6997	1
6998	0
6999	0
7000	0
7001	0
7002	1
7003	0
7004	0
7005	0
7006	0
7007	0
7008	1
7009	0
7010	0
7011	0
7012	1
7013	0
7014	0
7015	0
7016	0
7017	1
7018	0
7019	1
7020	0
7021	0
7022	0
7023	0
7024	0
7025	0
7026	0
7027	0
7028	0
7029	0
7030	0
7031	1
7032	0
7033	0
7034	0
7035	2
7036	0
7037	0
7038	0
7039	0
7040	1
7041	0
7042	0
7043	0
7044	0
7045	0
7046	0
7047	0
7048	0
7049	0
7050	0
7051	0
7052	1
7053	0
7054	0
7055	0
7056	0
7057	0
7058	1
7059	0
7060	0
7061	0
7062	0
7063	0
7064	0
7065	0
7066	1
7067	1
7068	1
7069	0
7070	0
7071	0
7072	1
7073	1
7074	0
7075	0
7076	0
7077	0
7078	0
7079	0
7080	0
7081	0
7082	0
7083	0
7084	0
7085	1
7086	1
7087	1
7088	0
7089	0
7090	0
7091	0
7092	0
7093	0
7094	0
7095	1
7096	1
7097	0
7098	0
7099	0
7100	0
7101	0
7102	0
7103	1
7104	0
7105	0
7106	0
7107	0
7108	0
7109	0
7110	0
7111	0
7112	0
7113	0
7114	0
7115	0
7116	0
7117	0
7118	0
7119	0
7120	0
7121	0
7122	0
7123	0
7124	0
7125	0
7126	0
7127	1
7128	0
7129	0
7130	0
7131	0
7132	0
7133	1
7134	1
7135	0
7136	0
7137	0
7138	0
7139	1
7140	0
7141	0
7142	0
7143	0
7144	0
7145	0
7146	0
7147	0
7148	0
7149	1
7150	1
7151	0
7152	0
7153	0
7154	0
7155	0
7156	1
7157	0
7158	1
7159	0
7160	1
7161	0
7162	0
7163	0
7164	0
7165	0
7166	0
7167	0
7168	0
7169	0
7170	1
7171	1
7172	0
7173	0
7174	1
7175	0
7176	0
7177	0
7178	0
7179	0
7180	0
7181	0
7182	0
7183	0
7184	0
7185	0
7186	0
7187	0
7188	0
7189	0
7190	0
7191	0
7192	0
7193	0
7194	1
7195	0
7196	0
7197	0
7198	0
7199	0
7200	0
7201	0
7202	0
7203	0
7204	1
7205	0
7206	0
7207	0
7208	0
7209	0
7210	1
7211	0
7212	0
7213	1
7214	0
7215	0
7216	0
7217	0
7218	0
7219	1
7220	0
7221	0
7222	0
7223	0
7224	0
7225	0
7226	1
7227	0
7228	0
7229	1
7230	1
7231	0
7232	0
7233	0
7234	1
7235	1
7236	0
7237	0
7238	0
7239	0
7240	0
7241	1
7242	1
7243	2
7244	0
7245	1
7246	0
7247	0
7248	0
7249	1
7250	0
7251	0
7252	0
7253	0
7254	0
7255	0
7256	1
7257	0
7258	0
7259	0
7260	0
7261	0
7262	0
7263	0
7264	0
7265	2
7266	0
7267	0
7268	0
7269	0
7270	0
7271	1
7272	0
7273	0
7274	0
7275	0
7276	0
7277	1
7278	0
7279	1
7280	1
7281	0
7282	1
7283	0
7284	0
7285	1
7286	0
7287	0
7288	0
7289	0
7290	0
7291	0
7292	0
7293	2
7294	0
7295	0
7296	0
7297	0
7298	0
7299	0
7300	0
7301	0
7302	0
7303	0
7304	0
7305	0
7306	0
7307	0
7308	0
7309	0
7310	0
7311	0
7312	0
7313	0
7314	0
7315	1
7316	1
7317	0
7318	0
7319	0
7320	0
7321	0
7322	0
7323	0
7324	0
7325	0
7326	0
7327	0
7328	0
7329	0
7330	0
7331	0
7332	0
7333	0
7334	1
7335	1
7336	1
7337	0
7338	0
7339	0
7340	2
7341	0
7342	0
7343	0
7344	0
7345	0
7346	0
7347	0
7348	1
7349	0
7350	0
7351	1
7352	0
7353	0
7354	0
7355	0
7356	1
7357	0
7358	0
7359	1
7360	0
7361	0
7362	0
7363	0
7364	0
7365	0
7366	0
7367	1
7368	0
7369	0
7370	0
7371	0
7372	0
7373	0
7374	0
7375	0
7376	0
7377	0
7378	1
7379	0
7380	1
7381	0
7382	0
7383	0
7384	1
7385	0
7386	0
7387	0
7388	0
7389	1
7390	0
7391	0
7392	0
7393	0
7394	0
7395	0
7396	0
7397	0
7398	0
7399	0
7400	0
7401	0
7402	0
7403	0
7404	0
7405	0
7406	0
7407	0
7408	0
7409	0
7410	0
7411	0
7412	1
7413	0
7414	1
7415	0
7416	0
7417	0
7418	0
7419	0
7420	0
7421	1
7422	1
7423	0
7424	0
7425	0
7426	1
7427	1
7428	1
7429	0
7430	0
7431	1
7432	0
7433	0
7434	0
7435	0
7436	0
7437	0
7438	0
7439	0
7440	2
7441	0
7442	1
7443	0
7444	0
7445	0
7446	0
7447	0
7448	0
7449	0
7450	0
7451	0
7452	0
7453	1
7454	0
7455	0
7456	0
7457	0
7458	1
7459	0
7460	0
7461	0
7462	0
7463	0
7464	0
7465	0
7466	0
7467	0
7468	0
7469	0
7470	0
7471	0
7472	0
7473	1
7474	0
7475	0
7476	0
7477	0
7478	0
7479	0
7480	1
7481	0
7482	1
7483	0
7484	0
7485	1
7486	0
7487	0
7488	0
7489	1
7490	0
7491	0
7492	0
7493	0
7494	0
7495	0
7496	0
7497	0
7498	0
7499	2
7500	0
7501	0
7502	0
7503	0
7504	0
7505	0
7506	0
7507	0
7508	0
7509	0
7510	0
7511	0
7512	0
7513	0
7514	0
7515	0
7516	0
7517	0
7518	1
7519	0
7520	0
7521	0
7522	1
7523	0
7524	1
7525	0
7526	1
7527	0
7528	1
7529	0
7530	0
7531	0
7532	0
7533	0
7534	0
7535	0
7536	0
7537	0
7538	0
7539	0
7540	0
7541	0
7542	0
7543	0
7544	1
7545	0
7546	0
7547	0
7548	0
7549	0
7550	0
7551	0
7552	0
7553	0
7554	0
7555	1
7556	0
7557	0
7558	2
7559	0
7560	0
7561	0
7562	0
7563	0
7564	0
7565	1
7566	0
7567	0
7568	0
7569	1
7570	0
7571	0
7572	1
7573	0
7574	0
7575	0
7576	1
7577	0
7578	0
7579	0
7580	0
7581	0
7582	0
7583	0
7584	0
7585	0
7586	0
7587	0
7588	0
7589	0
7590	0
7591	0
7592	0
7593	0
7594	0
7595	0
7596	0
7597	0
7598	1
7599	0
7600	0
7601	1
7602	0
7603	1
7604	0
7605	1
7606	0
7607	1
7608	2
7609	0
7610	1
7611	2
7612	0
7613	2
7614	0
7615	1
7616	4
7617	2
7618	3
7619	5
7620	6
7621	3
7622	6
7623	5
7624	3
7625	6
7626	10
7627	4
7628	9
7629	7
7630	7
7631	10
7632	6
7633	9
7634	7
7635	4
7636	11
7637	6
7638	10
7639	4
7640	12
7641	6
7642	5
7643	2
7644	4
7645	3
7646	1
7647	0
7648	3
7649	2
7650	0
7651	1
7652	1
7653	0
7654	0
7655	0
7656	0
7657	0
7658	0
7659	0
7660	0
7661	0
7662	0
7663	0
7664	0
7665	0
7666	0
7667	0
7668	0
7669	0
7670	0
7671	1
7672	0
7673	0
7674	0
7675	0
7676	0
7677	0
7678	0
7679	0
7680	0
7681	0
7682	0
7683	0
7684	0
7685	0
7686	0
7687	0
7688	0
7689	0
7690	0
7691	1
7692	0
7693	0
7694	1
7695	0
7696	0
7697	0
7698	0
7699	0
7700	0
7701	0
7702	0
7703	0
7704	1
7705	0
7706	0
7707	0
7708	0
7709	0
7710	0
7711	0
7712	0
7713	0
7714	0
7715	0
7716	0
7717	0
7718	0
7719	0
7720	0
7721	0
7722	0
7723	0
7724	0
7725	0
7726	0
7727	0
7728	0
7729	1
7730	1
7731	1
7732	0
7733	0
7734	0
7735	0
7736	0
7737	0
7738	0
7739	0
7740	0
7741	0
7742	0
7743	0
7744	0
7745	0
7746	0
7747	0
7748	0
7749	0
7750	0
7751	0
7752	0
7753	0
7754	1
7755	0
7756	0
7757	0
7758	0
7759	0
7760	0
7761	0
7762	0
7763	0
7764	0
7765	1
7766	0
7767	0
7768	0
7769	0
7770	0
7771	0
7772	0
7773	0
7774	0
7775	0
7776	0
7777	0
7778	0
7779	0
7780	0
7781	0
7782	0
7783	0
7784	0
7785	0
7786	0
7787	0
7788	0
7789	0
7790	1
7791	0
7792	0
7793	0
7794	0
7795	0
7796	0
7797	0
7798	0
7799	1
7800	0
7801	0
7802	0
7803	0
7804	0
7805	1
7806	0
7807	0
7808	0
7809	0
7810	0
7811	0
7812	0
7813	0
7814	0
7815	0
7816	0
7817	0
7818	0
7819	0
7820	0
7821	0
7822	0
7823	1
7824	0
7825	0
7826	0
7827	1
7828	0
7829	0
7830	0
7831	0
7832	0
7833	0
7834	0
7835	0
7836	0
7837	0
7838	0
7839	0
7840	0
7841	0
7842	0
7843	1
7844	0
7845	0
7846	0
7847	0
7848	0
7849	0
7850	0
7851	0
7852	0
7853	0
7854	0
7855	0
7856	0
7857	0
7858	0
7859	0
7860	0
7861	1
7862	0
7863	0
7864	0
7865	0
7866	0
7867	0
7868	0
7869	0
7870	1
7871	0
7872	0
7873	0
7874	0
7875	0
7876	0
7877	0
7878	0
7879	0
7880	1
7881	0
7882	0
7883	0
7884	0
7885	0
7886	0
7887	2
7888	1
7889	0
7890	2
7891	1
7892	1
7893	0
7894	0
7895	0
7896	0
7897	0
7898	0
7899	0
7900	0
7901	0
7902	0
7903	0
7904	0
7905	0
7906	1
7907	0
7908	1
7909	0
7910	0
7911	1
7912	0
7913	0
7914	0
7915	0
7916	0
7917	0
7918	0
7919	0
7920	1
7921	0
7922	1
7923	0
7924	0
7925	0
7926	0
7927	0
7928	0
7929	0
7930	0
7931	0
7932	0
7933	0
7934	0
7935	0
7936	0
7937	0
7938	1
7939	0
7940	0
7941	0
7942	0
7943	0
7944	0
7945	0
7946	0
7947	1
7948	0
7949	0
7950	0
7951	0
7952	0
7953	0
7954	0
7955	0
7956	0
7957	0
7958	0
7959	0
7960	0
7961	0
7962	0
7963	1
7964	1
7965	0
7966	0
7967	0
7968	0
7969	0
7970	0
7971	0
7972	0
7973	0
7974	0
7975	0
7976	0
7977	0
7978	0
7979	1
7980	0
7981	0
7982	0
7983	0
7984	0
7985	0
7986	0
7987	0
7988	1
7989	0
7990	0
7991	0
7992	0
7993	0
7994	0
7995	0
7996	0
7997	0
7998	0
7999	0
8000	0
8001	0
8002	0
8003	0
8004	0
8005	0
8006	0
8007	0
8008	0
8009	0
8010	1
8011	0
8012	0
8013	0
8014	0
8015	0
8016	0
8017	0
8018	0
8019	0
8020	0
8021	0
8022	1
8023	0
8024	0
8025	0
8026	0
8027	0
8028	0
8029	0
8030	0
8031	0
8032	0
8033	0
8034	0
8035	0
8036	0
8037	0
8038	0
8039	0
8040	1
8041	0
8042	0
8043	0
8044	0
8045	0
8046	0
8047	0
8048	0
8049	0
8050	0
8051	0
8052	0
8053	0
8054	0
8055	0
8056	0
8057	0
8058	0
8059	0
8060	0
8061	0
8062	0
8063	0
8064	0
8065	0
8066	1
8067	0
8068	0
8069	0
8070	0
8071	0
8072	0
8073	0
8074	0
8075	0
8076	1
8077	0
8078	0
8079	0
8080	0
8081	1
8082	0
8083	0
8084	0
8085	0
8086	0
8087	0
8088	0
8089	0
8090	0
8091	0
8092	0
8093	0
8094	0
8095	0
8096	0
8097	0
8098	0
8099	0
8100	0
8101	0
8102	0
8103	1
8104	0
8105	0
8106	0
8107	0
8108	0
8109	0
8110	0
8111	0
8112	0
8113	0
8114	0
8115	0
8116	0
8117	0
8118	0
8119	0
8120	0
8121	0
8122	0
8123	0
8124	0
8125	0
8126	0
8127	0
8128	0
8129	0
8130	0
8131	0
8132	0
8133	0
8134	0
8135	0
8136	0
8137	0
8138	0
8139	0
8140	0
8141	0
8142	0
8143	0
8144	0
8145	0
8146	0
8147	0
8148	0
8149	0
8150	0
8151	0
8152	0
8153	0
8154	0
8155	0
8156	0
8157	0
8158	0
8159	0
8160	0
8161	0
8162	0
8163	0
8164	0
8165	0
8166	0
8167	0
8168	0
8169	0
8170	0
8171	0
8172	0
8173	0
8174	0
8175	0
8176	0
8177	0
8178	0
8179	0
8180	0
8181	0
8182	0
8183	0
8184	0
8185	0
8186	0
8187	0
8188	0
8189	0
8190	0
8191	0
