0	0
1	0
2	0
3	0
4	0
5	0
6	0
7	0
8	0
9	0
10	0
11	0
12	0
13	0
14	0
15	0
16	0
17	0
18	0
19	0
20	0
21	0
22	0
23	0
24	0
25	0
26	0
27	0
28	0
29	0
30	0
31	0
32	0
33	0
34	0
35	0
36	0
37	0
38	0
39	0
40	0
41	0
42	0
43	0
44	0
45	0
46	0
47	0
48	0
49	0
50	0
51	0
52	0
53	0
54	0
55	0
56	0
57	0
58	0
59	0
60	0
61	0
62	0
63	0
64	0
65	0
66	0
67	0
68	0
69	0
70	0
71	0
72	0
73	0
74	0
75	0
76	0
77	0
78	0
79	0
80	0
81	0
82	0
83	0
84	0
85	0
86	0
87	0
88	0
89	0
90	0
91	0
92	0
93	0
94	0
95	0
96	0
97	0
98	0
99	0
100	0
101	0
102	0
103	0
104	0
105	0
106	0
107	0
108	0
109	0
110	0
111	0
112	0
113	0
114	0
115	0
116	0
117	0
118	0
119	0
120	0
121	0
122	0
123	1
124	0
125	1
126	1
127	0
128	0
129	1
130	2
131	1
132	3
133	18
134	103
135	208
136	291
137	327
138	320
139	331
140	340
141	312
142	347
143	322
144	336
145	353
146	304
147	331
148	310
149	347
150	363
151	333
152	316
153	330
154	356
155	331
156	314
157	362
158	334
159	363
160	353
161	366
162	311
163	339
164	318
165	315
166	307
167	351
168	309
169	344
170	309
171	297
172	326
173	306
174	297
175	311
176	312
177	312
178	283
179	342
180	320
181	319
182	311
183	315
184	350
185	385
186	392
187	393
188	363
189	338
190	332
191	353
192	285
193	308
194	278
195	271
196	260
197	296
198	287
199	283
200	272
201	302
202	258
203	278
204	279
205	289
206	265
207	260
208	280
209	281
210	274
211	320
212	319
213	379
214	396
215	379
216	374
217	398
218	371
219	314
220	334
221	325
222	318
223	309
224	285
225	266
226	268
227	283
228	238
229	247
230	261
231	256
232	263
233	241
234	234
235	282
236	239
237	282
238	266
239	242
240	230
241	253
242	258
243	257
244	245
245	256
246	253
247	261
248	266
249	263
250	241
251	253
252	251
253	262
254	242
255	264
256	238
257	275
258	251
259	267
260	249
261	266
262	220
263	244
264	234
265	260
266	272
267	242
268	260
269	245
270	224
271	239
272	260
273	255
274	242
275	280
276	245
277	271
278	245
279	242
280	228
281	255
282	228
283	253
284	257
285	238
286	258
287	250
288	250
289	210
290	264
291	259
292	249
293	251
294	255
295	241
296	278
297	264
298	275
299	256
300	255
301	240
302	267
303	272
304	258
305	240
306	286
307	249
308	279
309	299
310	216
311	252
312	273
313	263
314	292
315	274
316	239
317	279
318	250
319	288
320	295
321	251
322	263
323	267
324	260
325	273
326	273
327	291
328	274
329	258
330	249
331	270
332	281
333	262
334	252
335	289
336	278
337	291
338	277
339	298
340	292
341	301
342	279
343	294
344	302
345	303
346	303
347	365
348	311
349	314
350	350
351	324
352	389
353	377
354	503
355	582
356	760
357	865
358	985
359	1073
360	905
361	826
362	698
363	589
364	586
365	641
366	784
367	1149
368	1256
369	1585
370	1647
371	1623
372	1265
373	1085
374	821
375	614
376	441
377	339
378	307
379	288
380	277
381	288
382	269
383	274
384	270
385	282
386	251
387	269
388	292
389	252
390	263
391	250
392	295
393	286
394	279
395	265
396	270
397	291
398	286
399	277
400	281
401	305
402	318
403	272
404	324
405	290
406	310
407	330
408	325
409	354
410	345
411	364
412	395
413	351
414	380
415	430
416	463
417	634
418	680
419	827
420	883
421	1006
422	982
423	925
424	803
425	643
426	591
427	460
428	436
429	397
430	410
431	442
432	429
433	527
434	523
435	533
436	525
437	509
438	496
439	399
440	398
441	337
442	354
443	360
444	345
445	345
446	315
447	377
448	368
449	347
450	355
451	370
452	380
453	351
454	355
455	325
456	361
457	353
458	361
459	359
460	323
461	349
462	332
463	320
464	341
465	355
466	375
467	364
468	356
469	338
470	316
471	366
472	382
473	392
474	327
475	370
476	336
477	317
478	361
479	350
480	363
481	377
482	358
483	340
484	367
485	336
486	350
487	380
488	361
489	381
490	370
491	378
492	330
493	378
494	378
495	343
496	379
497	353
498	346
499	368
500	380
501	348
502	349
503	370
504	375
505	307
506	373
507	321
508	364
509	343
510	393
511	364
512	340
513	346
514	334
515	341
516	379
517	359
518	369
519	343
520	355
521	359
522	377
523	359
524	382
525	344
526	363
527	345
528	362
529	363
530	387
531	388
532	374
533	358
534	365
535	371
536	344
537	363
538	370
539	345
540	353
541	340
542	347
543	387
544	332
545	363
546	335
547	331
548	380
549	337
550	366
551	345
552	363
553	382
554	341
555	359
556	334
557	358
558	353
559	346
560	356
561	342
562	343
563	386
564	368
565	359
566	374
567	352
568	392
569	363
570	342
571	384
572	375
573	366
574	401
575	378
576	371
577	358
578	361
579	404
580	388
581	358
582	402
583	379
584	393
585	390
586	396
587	352
588	381
589	381
590	382
591	378
592	363
593	402
594	361
595	358
596	365
597	403
598	405
599	372
600	373
601	436
602	424
603	419
604	454
605	432
606	435
607	611
608	885
609	1596
610	2728
611	4700
612	7236
613	9966
614	12563
615	13620
616	13686
617	11821
618	9086
619	6490
620	3979
621	2227
622	1229
623	670
624	414
625	274
626	261
627	209
628	218
629	221
630	225
631	217
632	215
633	246
634	256
635	201
636	229
637	201
638	242
639	208
640	210
641	211
642	229
643	208
644	213
645	233
646	181
647	235
648	210
649	240
650	223
651	223
652	227
653	224
654	186
655	226
656	206
657	209
658	237
659	217
660	242
661	222
662	239
663	196
664	215
665	237
666	218
667	222
668	239
669	228
670	215
671	261
672	222
673	231
674	208
675	227
676	203
677	214
678	213
679	209
680	248
681	212
682	229
683	210
684	204
685	199
686	206
687	234
688	209
689	224
690	217
691	205
692	225
693	174
694	224
695	218
696	229
697	252
698	214
699	234
700	211
701	210
702	199
703	250
704	203
705	240
706	234
707	205
708	208
709	220
710	231
711	229
712	222
713	249
714	205
715	238
716	222
717	214
718	221
719	242
720	259
721	233
722	235
723	231
724	224
725	219
726	213
727	210
728	226
729	234
730	204
731	221
732	236
733	217
734	252
735	241
736	270
737	266
738	213
739	240
740	227
741	229
742	208
743	240
744	224
745	247
746	245
747	276
748	245
749	231
750	267
751	254
752	281
753	278
754	244
755	246
756	262
757	239
758	274
759	236
760	222
761	239
762	253
763	263
764	285
765	250
766	219
767	242
768	235
769	233
770	260
771	251
772	254
773	251
774	268
775	248
776	258
777	226
778	241
779	243
780	269
781	244
782	222
783	235
784	280
785	236
786	237
787	275
788	263
789	246
790	236
791	250
792	251
793	244
794	242
795	247
796	256
797	258
798	253
799	228
800	246
801	254
802	257
803	259
804	253
805	240
806	248
807	255
808	231
809	231
810	282
811	261
812	243
813	262
814	252
815	242
816	236
817	233
818	228
819	257
820	260
821	254
822	229
823	253
824	233
825	222
826	233
827	240
828	231
829	250
830	214
831	223
832	250
833	237
834	237
835	265
836	258
837	248
838	255
839	228
840	237
841	249
842	271
843	237
844	229
845	272
846	224
847	240
848	260
849	272
850	253
851	243
852	228
853	252
854	223
855	271
856	233
857	244
858	258
859	257
860	249
861	256
862	249
863	243
864	256
865	232
866	236
867	241
868	239
869	237
870	236
871	268
872	271
873	243
874	242
875	273
876	248
877	256
878	258
879	244
880	236
881	252
882	227
883	232
884	235
885	222
886	265
887	251
888	239
889	233
890	259
891	245
892	251
893	244
894	257
895	249
896	253
897	240
898	264
899	225
900	270
901	246
902	228
903	291
904	246
905	234
906	263
907	277
908	234
909	258
910	264
911	225
912	239
913	246
914	239
915	268
916	238
917	224
918	259
919	280
920	279
921	242
922	281
923	261
924	257
925	252
926	259
927	278
928	278
929	251
930	247
931	229
932	244
933	267
934	248
935	248
936	273
937	263
938	262
939	252
940	251
941	226
942	235
943	251
944	255
945	252
946	254
947	222
948	232
949	241
950	247
951	252
952	291
953	257
954	240
955	279
956	260
957	280
958	240
959	263
960	242
961	237
962	274
963	272
964	255
965	273
966	227
967	259
968	249
969	262
970	247
971	254
972	290
973	222
974	255
975	273
976	233
977	225
978	227
979	240
980	254
981	236
982	229
983	242
984	264
985	270
986	244
987	246
988	265
989	253
990	245
991	257
992	266
993	227
994	262
995	272
996	229
997	236
998	235
999	258
1000	266
1001	260
1002	250
1003	255
1004	283
1005	249
1006	200
1007	238
1008	220
1009	221
1010	243
1011	250
1012	229
1013	226
1014	213
1015	216
1016	260
1017	212
1018	221
1019	223
1020	222
1021	223
1022	242
1023	236
1024	210
1025	248
1026	229
1027	226
1028	215
1029	213
1030	256
1031	179
1032	200
1033	190
1034	216
1035	256
1036	207
1037	203
1038	201
1039	209
1040	184
1041	234
1042	215
1043	206
1044	215
1045	217
1046	211
1047	218
1048	220
1049	214
1050	223
1051	224
1052	183
1053	220
1054	231
1055	216
1056	190
1057	210
1058	212
1059	219
1060	223
1061	225
1062	217
1063	226
1064	212
1065	193
1066	209
1067	206
1068	216
1069	242
1070	192
1071	204
1072	219
1073	206
1074	191
1075	207
1076	214
1077	234
1078	192
1079	218
1080	219
1081	236
1082	211
1083	201
1084	238
1085	204
1086	230
1087	215
1088	241
1089	206
1090	212
1091	214
1092	224
1093	212
1094	204
1095	186
1096	203
1097	223
1098	226
1099	184
1100	223
1101	213
1102	180
1103	207
1104	201
1105	183
1106	204
1107	191
1108	212
1109	211
1110	198
1111	190
1112	208
1113	192
1114	179
1115	177
1116	206
1117	189
1118	177
1119	204
1120	213
1121	182
1122	189
1123	216
1124	212
1125	184
1126	207
1127	177
1128	231
1129	203
1130	169
1131	170
1132	161
1133	189
1134	205
1135	214
1136	177
1137	194
1138	182
1139	198
1140	181
1141	197
1142	179
1143	181
1144	180
1145	178
1146	180
1147	183
1148	223
1149	196
1150	199
1151	232
1152	182
1153	193
1154	168
1155	210
1156	187
1157	174
1158	202
1159	182
1160	164
1161	166
1162	201
1163	191
1164	199
1165	186
1166	191
1167	168
1168	169
1169	178
1170	169
1171	167
1172	192
1173	160
1174	181
1175	166
1176	184
1177	173
1178	184
1179	185
1180	183
1181	197
1182	192
1183	175
1184	169
1185	169
1186	174
1187	171
1188	178
1189	191
1190	189
1191	165
1192	177
1193	172
1194	166
1195	186
1196	178
1197	180
1198	188
1199	161
1200	177
1201	163
1202	159
1203	150
1204	181
1205	171
1206	198
1207	178
1208	170
1209	203
1210	166
1211	161
1212	151
1213	185
1214	157
1215	158
1216	179
1217	173
1218	175
1219	134
1220	205
1221	179
1222	198
1223	174
1224	157
1225	195
1226	164
1227	172
1228	207
1229	183
1230	173
1231	168
1232	185
1233	179
1234	163
1235	184
1236	175
1237	173
1238	187
1239	176
1240	181
1241	171
1242	179
1243	180
1244	166
1245	175
1246	189
1247	169
1248	207
1249	239
1250	281
1251	348
1252	522
1253	736
1254	1066
1255	1558
1256	1999
1257	2319
1258	2613
1259	2719
1260	2615
1261	2012
1262	1672
1263	1196
1264	855
1265	525
1266	336
1267	246
1268	200
1269	160
1270	169
1271	139
1272	157
1273	139
1274	147
1275	185
1276	140
1277	154
1278	133
1279	141
1280	167
1281	166
1282	152
1283	144
1284	133
1285	165
1286	166
1287	140
1288	149
1289	167
1290	151
1291	174
1292	180
1293	182
1294	159
1295	155
1296	165
1297	166
1298	174
1299	146
1300	157
1301	159
1302	149
1303	139
1304	135
1305	155
1306	142
1307	133
1308	147
1309	162
1310	160
1311	141
1312	132
1313	155
1314	144
1315	137
1316	177
1317	165
1318	150
1319	137
1320	124
1321	135
1322	150
1323	131
1324	156
1325	152
1326	146
1327	146
1328	151
1329	141
1330	133
1331	162
1332	147
1333	147
1334	154
1335	135
1336	153
1337	121
1338	156
1339	130
1340	150
1341	133
1342	129
1343	135
1344	141
1345	152
1346	143
1347	132
1348	127
1349	133
1350	125
1351	139
1352	145
1353	136
1354	154
1355	151
1356	142
1357	121
1358	125
1359	153
1360	136
1361	147
1362	122
1363	146
1364	132
1365	141
1366	138
1367	166
1368	128
1369	126
1370	137
1371	118
1372	157
1373	143
1374	143
1375	124
1376	145
1377	145
1378	132
1379	123
1380	146
1381	141
1382	150
1383	145
1384	154
1385	141
1386	140
1387	172
1388	157
1389	142
1390	150
1391	152
1392	151
1393	137
1394	146
1395	181
1396	177
1397	160
1398	168
1399	170
1400	152
1401	136
1402	156
1403	137
1404	147
1405	126
1406	150
1407	145
1408	135
1409	135
1410	127
1411	134
1412	157
1413	132
1414	140
1415	142
1416	163
1417	156
1418	137
1419	135
1420	162
1421	141
1422	149
1423	136
1424	149
1425	132
1426	170
1427	120
1428	151
1429	124
1430	146
1431	142
1432	154
1433	160
1434	152
1435	131
1436	145
1437	128
1438	144
1439	141
1440	126
1441	129
1442	147
1443	143
1444	144
1445	148
1446	115
1447	143
1448	130
1449	132
1450	143
1451	133
1452	133
1453	121
1454	125
1455	124
1456	140
1457	143
1458	129
1459	132
1460	120
1461	129
1462	144
1463	126
1464	134
1465	146
1466	133
1467	158
1468	117
1469	117
1470	139
1471	136
1472	123
1473	134
1474	138
1475	127
1476	132
1477	127
1478	125
1479	123
1480	122
1481	125
1482	127
1483	140
1484	134
1485	125
1486	141
1487	128
1488	117
1489	133
1490	129
1491	122
1492	129
1493	125
1494	107
1495	124
1496	138
1497	134
1498	142
1499	130
1500	146
1501	147
1502	152
1503	140
1504	114
1505	138
1506	119
1507	146
1508	156
1509	121
1510	101
1511	107
1512	137
1513	136
1514	134
1515	148
1516	116
1517	128
1518	143
1519	135
1520	166
1521	130
1522	157
1523	196
1524	213
1525	234
1526	237
1527	264
1528	268
1529	227
1530	219
1531	172
1532	170
1533	163
1534	144
1535	123
1536	136
1537	119
1538	120
1539	118
1540	115
1541	100
1542	118
1543	115
1544	147
1545	128
1546	140
1547	113
1548	100
1549	120
1550	120
1551	115
1552	117
1553	116
1554	109
1555	147
1556	117
1557	116
1558	133
1559	122
1560	115
1561	111
1562	125
1563	119
1564	129
1565	114
1566	129
1567	124
1568	117
1569	146
1570	157
1571	127
1572	163
1573	134
1574	140
1575	109
1576	126
1577	98
1578	122
1579	110
1580	123
1581	115
1582	109
1583	129
1584	100
1585	125
1586	132
1587	112
1588	121
1589	129
1590	118
1591	103
1592	132
1593	118
1594	109
1595	126
1596	134
1597	110
1598	113
1599	127
1600	108
1601	123
1602	111
1603	117
1604	128
1605	109
1606	112
1607	131
1608	120
1609	132
1610	119
1611	129
1612	111
1613	104
1614	121
1615	107
1616	143
1617	117
1618	100
1619	111
1620	109
1621	116
1622	96
1623	129
1624	131
1625	135
1626	142
1627	115
1628	132
1629	100
1630	117
1631	125
1632	121
1633	126
1634	117
1635	113
1636	121
1637	104
1638	107
1639	113
1640	118
1641	111
1642	114
1643	99
1644	123
1645	122
1646	115
1647	118
1648	93
1649	119
1650	118
1651	112
1652	124
1653	102
1654	109
1655	114
1656	113
1657	117
1658	90
1659	116
1660	128
1661	129
1662	126
1663	120
1664	129
1665	132
1666	118
1667	127
1668	105
1669	111
1670	113
1671	121
1672	105
1673	109
1674	124
1675	145
1676	105
1677	109
1678	138
1679	124
1680	117
1681	125
1682	131
1683	123
1684	110
1685	103
1686	114
1687	110
1688	115
1689	114
1690	103
1691	108
1692	102
1693	118
1694	115
1695	86
1696	125
1697	140
1698	129
1699	138
1700	139
1701	119
1702	134
1703	143
1704	132
1705	123
1706	121
1707	127
1708	119
1709	126
1710	108
1711	117
1712	110
1713	138
1714	103
1715	101
1716	108
1717	97
1718	106
1719	119
1720	106
1721	106
1722	100
1723	103
1724	116
1725	110
1726	112
1727	106
1728	114
1729	109
1730	102
1731	112
1732	116
1733	99
1734	116
1735	96
1736	102
1737	134
1738	121
1739	139
1740	113
1741	120
1742	109
1743	123
1744	119
1745	94
1746	120
1747	119
1748	109
1749	121
1750	128
1751	100
1752	114
1753	129
1754	107
1755	109
1756	123
1757	112
1758	105
1759	122
1760	121
1761	121
1762	120
1763	120
1764	143
1765	144
1766	160
1767	187
1768	222
1769	355
1770	456
1771	652
1772	1011
1773	1533
1774	2158
1775	3085
1776	3846
1777	4739
1778	5483
1779	5898
1780	5669
1781	5395
1782	4785
1783	3671
1784	2844
1785	1941
1786	1283
1787	793
1788	455
1789	251
1790	170
1791	125
1792	114
1793	92
1794	96
1795	74
1796	92
1797	83
1798	95
1799	100
1800	75
1801	94
1802	85
1803	76
1804	93
1805	118
1806	83
1807	81
1808	91
1809	99
1810	73
1811	91
1812	85
1813	89
1814	115
1815	81
1816	102
1817	83
1818	95
1819	86
1820	96
1821	97
1822	108
1823	89
1824	83
1825	91
1826	84
1827	99
1828	79
1829	97
1830	79
1831	78
1832	76
1833	94
1834	78
1835	77
1836	94
1837	82
1838	102
1839	112
1840	84
1841	92
1842	67
1843	79
1844	75
1845	93
1846	81
1847	95
1848	82
1849	82
1850	82
1851	81
1852	94
1853	93
1854	76
1855	88
1856	71
1857	92
1858	67
1859	91
1860	91
1861	91
1862	102
1863	96
1864	86
1865	103
1866	78
1867	79
1868	78
1869	85
1870	87
1871	94
1872	92
1873	70
1874	106
1875	84
1876	94
1877	73
1878	91
1879	72
1880	85
1881	70
1882	100
1883	87
1884	78
1885	91
1886	67
1887	91
1888	89
1889	94
1890	83
1891	87
1892	97
1893	101
1894	104
1895	104
1896	114
1897	149
1898	176
1899	188
1900	224
1901	244
1902	231
1903	272
1904	251
1905	225
1906	193
1907	170
1908	155
1909	118
1910	109
1911	88
1912	78
1913	85
1914	86
1915	69
1916	76
1917	82
1918	89
1919	81
1920	76
1921	91
1922	76
1923	67
1924	76
1925	80
1926	72
1927	75
1928	100
1929	74
1930	74
1931	76
1932	80
1933	90
1934	73
1935	80
1936	81
1937	87
1938	77
1939	95
1940	100
1941	64
1942	84
1943	96
1944	97
1945	93
1946	81
1947	77
1948	94
1949	83
1950	82
1951	73
1952	82
1953	80
1954	89
1955	64
1956	66
1957	84
1958	80
1959	97
1960	82
1961	75
1962	96
1963	94
1964	76
1965	79
1966	96
1967	85
1968	85
1969	75
1970	102
1971	93
1972	68
1973	74
1974	90
1975	83
1976	88
1977	72
1978	84
1979	89
1980	72
1981	80
1982	70
1983	90
1984	94
1985	90
1986	78
1987	73
1988	76
1989	79
1990	77
1991	83
1992	87
1993	85
1994	87
1995	87
1996	96
1997	93
1998	83
1999	95
2000	84
2001	75
2002	87
2003	83
2004	71
2005	80
2006	90
2007	89
2008	77
2009	70
2010	79
2011	83
2012	85
2013	87
2014	81
2015	61
2016	80
2017	79
2018	77
2019	102
2020	75
2021	86
2022	78
2023	78
2024	85
2025	59
2026	74
2027	85
2028	82
2029	75
2030	66
2031	85
2032	80
2033	83
2034	83
2035	87
2036	77
2037	70
2038	87
2039	64
2040	73
2041	65
2042	85
2043	96
2044	77
2045	82
2046	73
2047	80
2048	92
2049	71
2050	76
2051	84
2052	86
2053	71
2054	66
2055	75
2056	100
2057	93
2058	70
2059	64
2060	75
2061	81
2062	77
2063	91
2064	74
2065	76
2066	93
2067	81
2068	88
2069	74
2070	71
2071	88
2072	86
2073	90
2074	80
2075	76
2076	76
2077	82
2078	97
2079	65
2080	88
2081	79
2082	89
2083	66
2084	84
2085	89
2086	87
2087	86
2088	77
2089	80
2090	96
2091	76
2092	76
2093	80
2094	87
2095	74
2096	76
2097	81
2098	77
2099	72
2100	83
2101	84
2102	69
2103	69
2104	81
2105	69
2106	72
2107	70
2108	75
2109	88
2110	68
2111	82
2112	93
2113	74
2114	76
2115	81
2116	89
2117	101
2118	86
2119	116
2120	101
2121	156
2122	166
2123	191
2124	221
2125	287
2126	379
2127	409
2128	427
2129	486
2130	473
2131	453
2132	356
2133	332
2134	260
2135	192
2136	138
2137	136
2138	92
2139	109
2140	86
2141	79
2142	78
2143	75
2144	68
2145	60
2146	77
2147	93
2148	84
2149	71
2150	81
2151	94
2152	78
2153	89
2154	77
2155	106
2156	87
2157	87
2158	83
2159	91
2160	92
2161	77
2162	74
2163	77
2164	75
2165	76
2166	60
2167	73
2168	78
2169	83
2170	67
2171	71
2172	63
2173	77
2174	67
2175	92
2176	64
2177	70
2178	89
2179	63
2180	68
2181	84
2182	68
2183	80
2184	82
2185	75
2186	82
2187	68
2188	79
2189	65
2190	74
2191	77
2192	57
2193	73
2194	73
2195	79
2196	79
2197	87
2198	86
2199	80
2200	72
2201	77
2202	75
2203	57
2204	83
2205	77
2206	88
2207	59
2208	72
2209	64
2210	72
2211	72
2212	81
2213	73
2214	81
2215	77
2216	70
2217	74
2218	77
2219	88
2220	73
2221	76
2222	81
2223	78
2224	61
2225	85
2226	67
2227	76
2228	69
2229	85
2230	88
2231	61
2232	53
2233	76
2234	72
2235	65
2236	62
2237	70
2238	68
2239	82
2240	86
2241	86
2242	82
2243	67
2244	93
2245	67
2246	69
2247	73
2248	61
2249	74
2250	63
2251	82
2252	64
2253	72
2254	67
2255	80
2256	61
2257	71
2258	73
2259	68
2260	78
2261	79
2262	78
2263	67
2264	88
2265	75
2266	84
2267	85
2268	79
2269	74
2270	67
2271	83
2272	81
2273	82
2274	69
2275	60
2276	73
2277	82
2278	75
2279	72
2280	77
2281	81
2282	80
2283	65
2284	76
2285	68
2286	82
2287	93
2288	94
2289	73
2290	80
2291	127
2292	116
2293	144
2294	163
2295	240
2296	299
2297	366
2298	416
2299	486
2300	530
2301	552
2302	513
2303	516
2304	436
2305	394
2306	302
2307	226
2308	195
2309	144
2310	115
2311	100
2312	83
2313	79
2314	77
2315	85
2316	56
2317	58
2318	89
2319	75
2320	66
2321	77
2322	76
2323	70
2324	71
2325	67
2326	81
2327	61
2328	68
2329	66
2330	84
2331	95
2332	76
2333	68
2334	60
2335	67
2336	58
2337	74
2338	62
2339	77
2340	65
2341	72
2342	70
2343	72
2344	64
2345	63
2346	72
2347	71
2348	64
2349	75
2350	77
2351	77
2352	63
2353	67
2354	73
2355	66
2356	71
2357	79
2358	79
2359	71
2360	64
2361	64
2362	73
2363	75
2364	77
2365	83
2366	65
2367	54
2368	85
2369	72
2370	61
2371	84
2372	50
2373	64
2374	63
2375	72
2376	73
2377	71
2378	60
2379	73
2380	76
2381	84
2382	90
2383	65
2384	61
2385	76
2386	62
2387	73
2388	66
2389	79
2390	69
2391	61
2392	78
2393	59
2394	71
2395	69
2396	66
2397	70
2398	83
2399	73
2400	75
2401	79
2402	71
2403	83
2404	86
2405	77
2406	100
2407	85
2408	62
2409	70
2410	80
2411	85
2412	62
2413	70
2414	70
2415	62
2416	73
2417	76
2418	53
2419	64
2420	66
2421	68
2422	67
2423	84
2424	81
2425	82
2426	87
2427	73
2428	83
2429	73
2430	71
2431	59
2432	56
2433	63
2434	65
2435	58
2436	69
2437	62
2438	82
2439	74
2440	70
2441	70
2442	77
2443	57
2444	67
2445	72
2446	71
2447	72
2448	88
2449	74
2450	68
2451	84
2452	74
2453	82
2454	75
2455	86
2456	62
2457	64
2458	80
2459	67
2460	72
2461	77
2462	75
2463	66
2464	56
2465	76
2466	76
2467	68
2468	67
2469	68
2470	72
2471	66
2472	72
2473	73
2474	62
2475	63
2476	67
2477	62
2478	69
2479	75
2480	84
2481	62
2482	62
2483	74
2484	75
2485	81
2486	82
2487	87
2488	73
2489	56
2490	81
2491	70
2492	71
2493	62
2494	79
2495	83
2496	64
2497	83
2498	88
2499	73
2500	85
2501	79
2502	79
2503	73
2504	73
2505	79
2506	61
2507	66
2508	79
2509	72
2510	64
2511	79
2512	75
2513	80
2514	73
2515	84
2516	76
2517	76
2518	86
2519	46
2520	73
2521	71
2522	68
2523	63
2524	92
2525	103
2526	75
2527	71
2528	92
2529	82
2530	111
2531	106
2532	112
2533	129
2534	116
2535	128
2536	137
2537	141
2538	111
2539	105
2540	110
2541	81
2542	76
2543	74
2544	82
2545	73
2546	70
2547	78
2548	79
2549	74
2550	77
2551	58
2552	58
2553	72
2554	57
2555	95
2556	73
2557	75
2558	82
2559	66
2560	64
2561	85
2562	83
2563	82
2564	69
2565	80
2566	84
2567	63
2568	84
2569	78
2570	65
2571	77
2572	84
2573	65
2574	81
2575	69
2576	59
2577	82
2578	72
2579	57
2580	77
2581	73
2582	74
2583	74
2584	70
2585	61
2586	61
2587	75
2588	84
2589	60
2590	83
2591	76
2592	75
2593	66
2594	70
2595	63
2596	78
2597	66
2598	69
2599	73
2600	70
2601	50
2602	88
2603	64
2604	78
2605	82
2606	80
2607	87
2608	88
2609	99
2610	91
2611	94
2612	90
2613	92
2614	94
2615	89
2616	96
2617	94
2618	76
2619	71
2620	65
2621	60
2622	65
2623	63
2624	83
2625	69
2626	69
2627	77
2628	66
2629	87
2630	88
2631	71
2632	67
2633	64
2634	77
2635	73
2636	72
2637	77
2638	78
2639	64
2640	70
2641	69
2642	77
2643	74
2644	74
2645	89
2646	107
2647	70
2648	102
2649	67
2650	82
2651	101
2652	74
2653	98
2654	96
2655	81
2656	100
2657	74
2658	83
2659	91
2660	72
2661	79
2662	89
2663	79
2664	83
2665	74
2666	77
2667	61
2668	57
2669	70
2670	72
2671	70
2672	69
2673	79
2674	59
2675	80
2676	60
2677	85
2678	78
2679	59
2680	54
2681	66
2682	68
2683	78
2684	60
2685	83
2686	52
2687	87
2688	69
2689	78
2690	91
2691	63
2692	78
2693	71
2694	69
2695	75
2696	89
2697	93
2698	88
2699	85
2700	86
2701	61
2702	89
2703	74
2704	81
2705	55
2706	70
2707	75
2708	70
2709	50
2710	69
2711	85
2712	84
2713	69
2714	73
2715	78
2716	73
2717	85
2718	61
2719	73
2720	81
2721	78
2722	63
2723	66
2724	70
2725	70
2726	79
2727	76
2728	64
2729	83
2730	56
2731	65
2732	88
2733	72
2734	78
2735	75
2736	69
2737	79
2738	71
2739	82
2740	70
2741	70
2742	75
2743	84
2744	68
2745	72
2746	67
2747	69
2748	62
2749	68
2750	80
2751	62
2752	64
2753	72
2754	77
2755	61
2756	67
2757	80
2758	75
2759	62
2760	75
2761	69
2762	69
2763	67
2764	88
2765	70
2766	68
2767	80
2768	81
2769	75
2770	64
2771	80
2772	76
2773	81
2774	75
2775	87
2776	81
2777	75
2778	75
2779	91
2780	63
2781	74
2782	72
2783	72
2784	75
2785	74
2786	60
2787	72
2788	77
2789	70
2790	77
2791	68
2792	85
2793	63
2794	75
2795	61
2796	72
2797	64
2798	77
2799	69
2800	62
2801	68
2802	59
2803	66
2804	76
2805	63
2806	60
2807	69
2808	80
2809	83
2810	75
2811	63
2812	53
2813	72
2814	67
2815	87
2816	75
2817	72
2818	81
2819	70
2820	71
2821	82
2822	85
2823	73
2824	78
2825	77
2826	76
2827	73
2828	58
2829	71
2830	85
2831	84
2832	73
2833	63
2834	85
2835	85
2836	74
2837	80
2838	63
2839	74
2840	63
2841	65
2842	70
2843	79
2844	87
2845	73
2846	71
2847	77
2848	86
2849	84
2850	64
2851	72
2852	52
2853	72
2854	63
2855	55
2856	86
2857	72
2858	71
2859	63
2860	70
2861	76
2862	76
2863	58
2864	58
2865	66
2866	87
2867	73
2868	76
2869	65
2870	73
2871	84
2872	70
2873	88
2874	77
2875	77
2876	84
2877	73
2878	65
2879	72
2880	64
2881	75
2882	85
2883	71
2884	72
2885	67
2886	68
2887	90
2888	85
2889	71
2890	86
2891	87
2892	87
2893	81
2894	70
2895	60
2896	73
2897	65
2898	73
2899	70
2900	69
2901	79
2902	79
2903	70
2904	61
2905	69
2906	61
2907	76
2908	72
2909	81
2910	73
2911	66
2912	76
2913	80
2914	65
2915	73
2916	80
2917	68
2918	97
2919	75
2920	91
2921	86
2922	99
2923	80
2924	85
2925	126
2926	119
2927	113
2928	117
2929	120
2930	116
2931	129
2932	118
2933	132
2934	99
2935	90
2936	110
2937	116
2938	83
2939	104
2940	90
2941	86
2942	98
2943	106
2944	95
2945	79
2946	95
2947	80
2948	68
2949	89
2950	67
2951	91
2952	65
2953	65
2954	69
2955	79
2956	67
2957	70
2958	81
2959	93
2960	87
2961	82
2962	80
2963	94
2964	65
2965	77
2966	58
2967	72
2968	79
2969	80
2970	60
2971	69
2972	69
2973	77
2974	72
2975	79
2976	78
2977	73
2978	75
2979	75
2980	63
2981	85
2982	67
2983	78
2984	73
2985	78
2986	74
2987	85
2988	66
2989	79
2990	82
2991	92
2992	74
2993	85
2994	69
2995	79
2996	89
2997	85
2998	68
2999	63
3000	67
3001	95
3002	59
3003	69
3004	71
3005	62
3006	71
3007	66
3008	72
3009	69
3010	82
3011	69
3012	78
3013	95
3014	75
3015	86
3016	75
3017	67
3018	71
3019	64
3020	74
3021	79
3022	63
3023	80
3024	71
3025	64
3026	80
3027	75
3028	61
3029	85
3030	87
3031	83
3032	84
3033	86
3034	74
3035	60
3036	63
3037	91
3038	83
3039	82
3040	93
3041	95
3042	105
3043	102
3044	112
3045	113
3046	101
3047	93
3048	102
3049	126
3050	99
3051	105
3052	82
3053	92
3054	87
3055	80
3056	79
3057	69
3058	75
3059	67
3060	80
3061	70
3062	61
3063	69
3064	64
3065	50
3066	75
3067	55
3068	76
3069	77
3070	63
3071	63
3072	60
3073	57
3074	65
3075	67
3076	74
3077	65
3078	66
3079	55
3080	72
3081	53
3082	60
3083	48
3084	64
3085	67
3086	70
3087	66
3088	81
3089	68
3090	54
3091	68
3092	66
3093	56
3094	70
3095	67
3096	69
3097	48
3098	61
3099	64
3100	64
3101	77
3102	57
3103	67
3104	70
3105	70
3106	80
3107	60
3108	58
3109	61
3110	63
3111	72
3112	49
3113	60
3114	72
3115	59
3116	73
3117	53
3118	52
3119	66
3120	72
3121	65
3122	65
3123	64
3124	71
3125	62
3126	47
3127	70
3128	76
3129	59
3130	64
3131	66
3132	64
3133	52
3134	65
3135	57
3136	58
3137	62
3138	56
3139	74
3140	54
3141	41
3142	62
3143	65
3144	72
3145	61
3146	59
3147	66
3148	60
3149	63
3150	63
3151	44
3152	73
3153	64
3154	64
3155	65
3156	64
3157	61
3158	48
3159	59
3160	67
3161	65
3162	69
3163	62
3164	53
3165	51
3166	72
3167	67
3168	69
3169	66
3170	67
3171	57
3172	69
3173	67
3174	57
3175	66
3176	49
3177	70
3178	74
3179	61
3180	69
3181	65
3182	63
3183	51
3184	68
3185	71
3186	62
3187	59
3188	57
3189	50
3190	57
3191	60
3192	66
3193	69
3194	69
3195	64
3196	69
3197	56
3198	60
3199	63
3200	53
3201	69
3202	59
3203	64
3204	65
3205	67
3206	61
3207	64
3208	84
3209	57
3210	50
3211	65
3212	61
3213	69
3214	65
3215	49
3216	55
3217	65
3218	58
3219	48
3220	56
3221	71
3222	65
3223	60
3224	61
3225	40
3226	64
3227	49
3228	67
3229	54
3230	50
3231	66
3232	59
3233	66
3234	55
3235	55
3236	61
3237	55
3238	66
3239	62
3240	60
3241	55
3242	61
3243	67
3244	51
3245	62
3246	65
3247	60
3248	60
3249	67
3250	62
3251	61
3252	45
3253	67
3254	72
3255	44
3256	58
3257	68
3258	69
3259	64
3260	50
3261	44
3262	62
3263	65
3264	66
3265	61
3266	50
3267	63
3268	54
3269	53
3270	85
3271	61
3272	61
3273	64
3274	55
3275	56
3276	73
3277	60
3278	68
3279	64
3280	75
3281	58
3282	59
3283	61
3284	54
3285	61
3286	65
3287	63
3288	59
3289	68
3290	50
3291	60
3292	49
3293	49
3294	59
3295	59
3296	64
3297	45
3298	47
3299	60
3300	68
3301	70
3302	55
3303	46
3304	72
3305	58
3306	47
3307	63
3308	51
3309	51
3310	63
3311	53
3312	59
3313	54
3314	68
3315	59
3316	74
3317	61
3318	56
3319	61
3320	67
3321	47
3322	69
3323	64
3324	73
3325	69
3326	58
3327	58
3328	61
3329	74
3330	52
3331	60
3332	60
3333	58
3334	59
3335	43
3336	56
3337	57
3338	59
3339	69
3340	61
3341	61
3342	49
3343	63
3344	62
3345	64
3346	57
3347	45
3348	72
3349	56
3350	41
3351	54
3352	55
3353	56
3354	59
3355	56
3356	72
3357	51
3358	55
3359	55
3360	63
3361	64
3362	65
3363	55
3364	55
3365	58
3366	56
3367	54
3368	59
3369	56
3370	62
3371	56
3372	63
3373	59
3374	48
3375	65
3376	48
3377	60
3378	58
3379	65
3380	65
3381	74
3382	55
3383	79
3384	64
3385	59
3386	54
3387	49
3388	73
3389	63
3390	56
3391	61
3392	64
3393	54
3394	55
3395	68
3396	60
3397	70
3398	62
3399	62
3400	70
3401	57
3402	82
3403	66
3404	55
3405	61
3406	59
3407	72
3408	70
3409	74
3410	68
3411	61
3412	67
3413	89
3414	80
3415	78
3416	75
3417	66
3418	73
3419	64
3420	56
3421	62
3422	60
3423	61
3424	46
3425	56
3426	67
3427	47
3428	45
3429	52
3430	66
3431	63
3432	64
3433	47
3434	73
3435	56
3436	53
3437	65
3438	66
3439	69
3440	79
3441	75
3442	76
3443	72
3444	72
3445	69
3446	76
3447	70
3448	68
3449	71
3450	54
3451	76
3452	61
3453	71
3454	47
3455	58
3456	56
3457	54
3458	55
3459	60
3460	59
3461	64
3462	60
3463	67
3464	57
3465	47
3466	56
3467	59
3468	60
3469	55
3470	55
3471	60
3472	57
3473	56
3474	59
3475	53
3476	64
3477	58
3478	55
3479	52
3480	62
3481	55
3482	55
3483	62
3484	58
3485	67
3486	45
3487	62
3488	70
3489	55
3490	48
3491	59
3492	50
3493	60
3494	57
3495	51
3496	60
3497	75
3498	56
3499	54
3500	51
3501	64
3502	57
3503	77
3504	62
3505	74
3506	67
3507	65
3508	68
3509	75
3510	55
3511	72
3512	67
3513	68
3514	71
3515	74
3516	59
3517	65
3518	71
3519	54
3520	76
3521	71
3522	74
3523	60
3524	81
3525	73
3526	76
3527	83
3528	81
3529	105
3530	87
3531	85
3532	99
3533	113
3534	68
3535	79
3536	60
3537	77
3538	67
3539	58
3540	55
3541	56
3542	54
3543	56
3544	50
3545	65
3546	64
3547	60
3548	42
3549	58
3550	58
3551	57
3552	60
3553	51
3554	65
3555	45
3556	55
3557	55
3558	63
3559	60
3560	60
3561	63
3562	61
3563	64
3564	65
3565	66
3566	64
3567	58
3568	57
3569	57
3570	72
3571	62
3572	70
3573	72
3574	80
3575	66
3576	67
3577	101
3578	88
3579	123
3580	105
3581	124
3582	128
3583	133
3584	119
3585	112
3586	100
3587	104
3588	101
3589	82
3590	65
3591	55
3592	58
3593	57
3594	61
3595	47
3596	71
3597	51
3598	62
3599	59
3600	52
3601	49
3602	59
3603	52
3604	50
3605	60
3606	60
3607	78
3608	64
3609	50
3610	40
3611	53
3612	62
3613	52
3614	60
3615	56
3616	58
3617	49
3618	45
3619	64
3620	71
3621	45
3622	55
3623	61
3624	56
3625	55
3626	57
3627	48
3628	52
3629	54
3630	55
3631	47
3632	53
3633	65
3634	53
3635	63
3636	47
3637	68
3638	46
3639	62
3640	51
3641	66
3642	42
3643	57
3644	56
3645	40
3646	50
3647	51
3648	63
3649	60
3650	49
3651	54
3652	55
3653	53
3654	63
3655	71
3656	46
3657	56
3658	47
3659	55
3660	39
3661	62
3662	60
3663	55
3664	44
3665	65
3666	75
3667	45
3668	69
3669	49
3670	49
3671	53
3672	57
3673	62
3674	62
3675	41
3676	50
3677	60
3678	50
3679	64
3680	56
3681	60
3682	51
3683	57
3684	39
3685	59
3686	52
3687	72
3688	53
3689	60
3690	47
3691	55
3692	62
3693	62
3694	42
3695	49
3696	53
3697	67
3698	39
3699	57
3700	58
3701	57
3702	60
3703	64
3704	58
3705	62
3706	68
3707	64
3708	65
3709	69
3710	76
3711	68
3712	74
3713	78
3714	73
3715	67
3716	62
3717	45
3718	58
3719	56
3720	52
3721	47
3722	43
3723	63
3724	62
3725	45
3726	55
3727	57
3728	80
3729	48
3730	46
3731	66
3732	61
3733	56
3734	60
3735	58
3736	63
3737	72
3738	70
3739	63
3740	86
3741	74
3742	77
3743	85
3744	78
3745	77
3746	79
3747	82
3748	89
3749	78
3750	73
3751	55
3752	59
3753	48
3754	52
3755	71
3756	57
3757	57
3758	57
3759	54
3760	66
3761	48
3762	69
3763	65
3764	69
3765	60
3766	72
3767	64
3768	51
3769	43
3770	51
3771	52
3772	57
3773	56
3774	61
3775	61
3776	51
3777	51
3778	64
3779	59
3780	67
3781	49
3782	58
3783	67
3784	62
3785	45
3786	67
3787	47
3788	60
3789	50
3790	64
3791	54
3792	39
3793	43
3794	71
3795	61
3796	62
3797	66
3798	54
3799	58
3800	47
3801	52
3802	49
3803	61
3804	58
3805	51
3806	48
3807	55
3808	65
3809	50
3810	57
3811	44
3812	58
3813	75
3814	53
3815	57
3816	61
3817	65
3818	49
3819	44
3820	53
3821	44
3822	53
3823	46
3824	64
3825	67
3826	63
3827	59
3828	50
3829	48
3830	56
3831	51
3832	57
3833	57
3834	50
3835	49
3836	61
3837	57
3838	61
3839	59
3840	47
3841	54
3842	60
3843	52
3844	57
3845	50
3846	75
3847	62
3848	43
3849	51
3850	60
3851	49
3852	50
3853	64
3854	70
3855	48
3856	56
3857	62
3858	53
3859	60
3860	42
3861	58
3862	66
3863	38
3864	64
3865	59
3866	65
3867	55
3868	67
3869	71
3870	66
3871	69
3872	65
3873	56
3874	63
3875	61
3876	67
3877	51
3878	57
3879	58
3880	64
3881	58
3882	53
3883	47
3884	54
3885	67
3886	58
3887	52
3888	64
3889	62
3890	53
3891	66
3892	59
3893	52
3894	53
3895	44
3896	61
3897	53
3898	52
3899	66
3900	69
3901	62
3902	55
3903	66
3904	59
3905	63
3906	54
3907	48
3908	55
3909	58
3910	62
3911	56
3912	44
3913	67
3914	66
3915	59
3916	50
3917	52
3918	72
3919	60
3920	57
3921	55
3922	74
3923	77
3924	64
3925	65
3926	52
3927	49
3928	66
3929	64
3930	60
3931	58
3932	58
3933	55
3934	72
3935	61
3936	60
3937	71
3938	61
3939	50
3940	56
3941	64
3942	61
3943	47
3944	51
3945	63
3946	57
3947	55
3948	54
3949	56
3950	59
3951	50
3952	62
3953	63
3954	60
3955	58
3956	57
3957	49
3958	53
3959	55
3960	67
3961	59
3962	52
3963	63
3964	58
3965	61
3966	46
3967	63
3968	60
3969	60
3970	60
3971	50
3972	54
3973	59
3974	52
3975	81
3976	53
3977	53
3978	70
3979	62
3980	63
3981	62
3982	78
3983	79
3984	57
3985	77
3986	49
3987	71
3988	56
3989	57
3990	68
3991	70
3992	51
3993	58
3994	50
3995	45
3996	47
3997	64
3998	57
3999	68
4000	69
4001	56
4002	57
4003	61
4004	57
4005	57
4006	70
4007	65
4008	61
4009	70
4010	62
4011	60
4012	70
4013	46
4014	56
4015	64
4016	57
4017	50
4018	57
4019	48
4020	57
4021	45
4022	47
4023	50
4024	62
4025	57
4026	62
4027	62
4028	63
4029	65
4030	50
4031	56
4032	57
4033	62
4034	57
4035	62
4036	71
4037	98
4038	90
4039	97
4040	119
4041	113
4042	127
4043	175
4044	185
4045	259
4046	312
4047	367
4048	433
4049	548
4050	627
4051	710
4052	725
4053	823
4054	851
4055	880
4056	842
4057	917
4058	846
4059	789
4060	700
4061	569
4062	467
4063	377
4064	276
4065	211
4066	142
4067	107
4068	95
4069	84
4070	66
4071	57
4072	56
4073	46
4074	50
4075	46
4076	57
4077	51
4078	43
4079	47
4080	45
4081	60
4082	40
4083	51
4084	49
4085	53
4086	45
4087	43
4088	47
4089	35
4090	53
4091	36
4092	64
4093	51
4094	45
4095	32
4096	44
4097	57
4098	40
4099	46
4100	51
4101	43
4102	56
4103	60
4104	61
4105	59
4106	38
4107	51
4108	52
4109	54
4110	45
4111	59
4112	42
4113	41
4114	41
4115	40
4116	57
4117	39
4118	51
4119	60
4120	55
4121	53
4122	40
4123	71
4124	40
4125	47
4126	47
4127	51
4128	59
4129	39
4130	48
4131	49
4132	52
4133	45
4134	51
4135	52
4136	41
4137	51
4138	51
4139	41
4140	44
4141	45
4142	52
4143	57
4144	59
4145	57
4146	47
4147	57
4148	45
4149	50
4150	46
4151	45
4152	47
4153	49
4154	45
4155	43
4156	48
4157	48
4158	49
4159	46
4160	46
4161	47
4162	40
4163	50
4164	47
4165	35
4166	34
4167	42
4168	46
4169	49
4170	51
4171	35
4172	41
4173	43
4174	46
4175	32
4176	39
4177	37
4178	42
4179	56
4180	51
4181	51
4182	56
4183	42
4184	39
4185	40
4186	47
4187	38
4188	39
4189	47
4190	59
4191	43
4192	46
4193	51
4194	51
4195	49
4196	36
4197	35
4198	46
4199	50
4200	47
4201	45
4202	54
4203	52
4204	40
4205	39
4206	50
4207	42
4208	35
4209	53
4210	51
4211	51
4212	61
4213	59
4214	51
4215	61
4216	71
4217	68
4218	59
4219	75
4220	65
4221	50
4222	67
4223	66
4224	62
4225	72
4226	59
4227	57
4228	49
4229	66
4230	44
4231	43
4232	55
4233	42
4234	47
4235	45
4236	48
4237	45
4238	44
4239	50
4240	37
4241	49
4242	37
4243	53
4244	49
4245	47
4246	41
4247	52
4248	39
4249	55
4250	41
4251	57
4252	59
4253	47
4254	44
4255	49
4256	40
4257	48
4258	48
4259	51
4260	48
4261	47
4262	52
4263	41
4264	44
4265	50
4266	42
4267	55
4268	32
4269	49
4270	39
4271	48
4272	49
4273	47
4274	55
4275	60
4276	40
4277	46
4278	44
4279	35
4280	38
4281	47
4282	59
4283	43
4284	58
4285	43
4286	60
4287	42
4288	58
4289	42
4290	38
4291	47
4292	47
4293	51
4294	49
4295	52
4296	42
4297	48
4298	40
4299	34
4300	42
4301	39
4302	33
4303	48
4304	49
4305	51
4306	36
4307	48
4308	43
4309	43
4310	43
4311	48
4312	33
4313	52
4314	42
4315	38
4316	46
4317	52
4318	44
4319	46
4320	53
4321	44
4322	50
4323	51
4324	38
4325	53
4326	51
4327	43
4328	47
4329	33
4330	49
4331	43
4332	37
4333	37
4334	49
4335	49
4336	43
4337	56
4338	43
4339	43
4340	44
4341	49
4342	42
4343	49
4344	62
4345	48
4346	63
4347	45
4348	48
4349	51
4350	42
4351	57
4352	45
4353	42
4354	47
4355	58
4356	46
4357	45
4358	44
4359	47
4360	62
4361	35
4362	46
4363	44
4364	53
4365	44
4366	52
4367	51
4368	49
4369	51
4370	47
4371	45
4372	50
4373	45
4374	51
4375	51
4376	58
4377	52
4378	43
4379	59
4380	53
4381	61
4382	43
4383	62
4384	45
4385	49
4386	76
4387	50
4388	62
4389	52
4390	55
4391	44
4392	56
4393	43
4394	44
4395	42
4396	40
4397	41
4398	48
4399	43
4400	52
4401	51
4402	43
4403	51
4404	47
4405	48
4406	52
4407	53
4408	48
4409	35
4410	46
4411	48
4412	45
4413	50
4414	50
4415	48
4416	49
4417	60
4418	36
4419	41
4420	53
4421	43
4422	47
4423	55
4424	54
4425	46
4426	42
4427	42
4428	51
4429	38
4430	45
4431	44
4432	38
4433	50
4434	55
4435	48
4436	33
4437	44
4438	33
4439	61
4440	33
4441	43
4442	49
4443	47
4444	41
4445	46
4446	33
4447	50
4448	46
4449	45
4450	42
4451	35
4452	42
4453	44
4454	43
4455	38
4456	46
4457	45
4458	39
4459	38
4460	65
4461	44
4462	44
4463	45
4464	50
4465	54
4466	50
4467	28
4468	50
4469	56
4470	43
4471	53
4472	59
4473	51
4474	47
4475	56
4476	35
4477	30
4478	40
4479	44
4480	46
4481	38
4482	50
4483	57
4484	61
4485	41
4486	51
4487	49
4488	39
4489	40
4490	48
4491	54
4492	55
4493	52
4494	56
4495	41
4496	65
4497	54
4498	48
4499	46
4500	57
4501	72
4502	59
4503	59
4504	58
4505	78
4506	81
4507	74
4508	108
4509	93
4510	144
4511	168
4512	183
4513	180
4514	194
4515	243
4516	236
4517	254
4518	244
4519	279
4520	286
4521	308
4522	305
4523	254
4524	243
4525	210
4526	188
4527	157
4528	131
4529	118
4530	98
4531	79
4532	56
4533	67
4534	58
4535	53
4536	51
4537	56
4538	45
4539	49
4540	57
4541	47
4542	60
4543	43
4544	47
4545	45
4546	49
4547	49
4548	54
4549	44
4550	56
4551	52
4552	49
4553	37
4554	50
4555	50
4556	42
4557	40
4558	43
4559	45
4560	55
4561	40
4562	50
4563	49
4564	40
4565	41
4566	45
4567	41
4568	33
4569	46
4570	54
4571	46
4572	44
4573	58
4574	55
4575	27
4576	53
4577	48
4578	44
4579	48
4580	45
4581	58
4582	46
4583	53
4584	52
4585	46
4586	30
4587	30
4588	49
4589	45
4590	39
4591	52
4592	50
4593	42
4594	52
4595	48
4596	27
4597	36
4598	41
4599	44
4600	35
4601	37
4602	35
4603	32
4604	45
4605	46
4606	44
4607	47
4608	50
4609	47
4610	41
4611	44
4612	57
4613	53
4614	36
4615	32
4616	41
4617	52
4618	47
4619	48
4620	41
4621	36
4622	43
4623	40
4624	49
4625	39
4626	42
4627	34
4628	48
4629	32
4630	43
4631	51
4632	44
4633	43
4634	46
4635	44
4636	31
4637	34
4638	38
4639	50
4640	48
4641	48
4642	40
4643	34
4644	58
4645	43
4646	42
4647	40
4648	28
4649	40
4650	45
4651	35
4652	37
4653	34
4654	37
4655	30
4656	42
4657	43
4658	43
4659	44
4660	62
4661	53
4662	35
4663	46
4664	36
4665	37
4666	51
4667	49
4668	46
4669	49
4670	41
4671	43
4672	45
4673	49
4674	48
4675	43
4676	42
4677	38
4678	35
4679	43
4680	44
4681	39
4682	41
4683	47
4684	41
4685	52
4686	41
4687	41
4688	40
4689	51
4690	41
4691	31
4692	44
4693	37
4694	53
4695	41
4696	44
4697	41
4698	52
4699	46
4700	38
4701	48
4702	45
4703	46
4704	37
4705	40
4706	52
4707	39
4708	52
4709	42
4710	40
4711	38
4712	35
4713	41
4714	32
4715	37
4716	31
4717	39
4718	34
4719	31
4720	40
4721	38
4722	38
4723	36
4724	36
4725	31
4726	24
4727	32
4728	28
4729	30
4730	29
4731	38
4732	45
4733	39
4734	22
4735	32
4736	25
4737	33
4738	36
4739	41
4740	33
4741	39
4742	41
4743	33
4744	44
4745	34
4746	34
4747	34
4748	33
4749	36
4750	43
4751	34
4752	33
4753	34
4754	40
4755	34
4756	29
4757	25
4758	45
4759	43
4760	28
4761	41
4762	29
4763	33
4764	37
4765	33
4766	37
4767	40
4768	25
4769	37
4770	33
4771	33
4772	33
4773	34
4774	43
4775	24
4776	34
4777	39
4778	33
4779	39
4780	30
4781	39
4782	30
4783	38
4784	39
4785	40
4786	55
4787	50
4788	52
4789	42
4790	56
4791	53
4792	49
4793	44
4794	56
4795	42
4796	53
4797	46
4798	46
4799	50
4800	46
4801	43
4802	26
4803	34
4804	32
4805	37
4806	31
4807	34
4808	33
4809	28
4810	44
4811	33
4812	26
4813	24
4814	29
4815	28
4816	33
4817	39
4818	32
4819	36
4820	32
4821	43
4822	41
4823	46
4824	33
4825	45
4826	48
4827	44
4828	48
4829	45
4830	41
4831	33
4832	38
4833	51
4834	40
4835	40
4836	45
4837	41
4838	34
4839	39
4840	31
4841	33
4842	31
4843	25
4844	34
4845	31
4846	29
4847	34
4848	34
4849	35
4850	34
4851	34
4852	35
4853	24
4854	38
4855	49
4856	43
4857	33
4858	34
4859	24
4860	37
4861	26
4862	34
4863	25
4864	32
4865	25
4866	25
4867	40
4868	25
4869	28
4870	31
4871	20
4872	36
4873	26
4874	29
4875	34
4876	28
4877	26
4878	33
4879	30
4880	25
4881	31
4882	32
4883	35
4884	41
4885	32
4886	25
4887	38
4888	18
4889	31
4890	19
4891	31
4892	30
4893	29
4894	19
4895	37
4896	25
4897	37
4898	39
4899	35
4900	30
4901	29
4902	26
4903	29
4904	27
4905	25
4906	32
4907	22
4908	35
4909	30
4910	27
4911	24
4912	30
4913	28
4914	27
4915	27
4916	25
4917	31
4918	36
4919	32
4920	23
4921	30
4922	26
4923	24
4924	28
4925	20
4926	34
4927	25
4928	22
4929	31
4930	31
4931	22
4932	34
4933	31
4934	35
4935	24
4936	28
4937	19
4938	37
4939	27
4940	32
4941	30
4942	21
4943	26
4944	31
4945	30
4946	31
4947	24
4948	28
4949	24
4950	22
4951	32
4952	39
4953	28
4954	32
4955	33
4956	32
4957	41
4958	30
4959	22
4960	30
4961	40
4962	32
4963	32
4964	33
4965	27
4966	21
4967	35
4968	27
4969	31
4970	36
4971	27
4972	22
4973	35
4974	25
4975	32
4976	32
4977	32
4978	29
4979	23
4980	35
4981	28
4982	23
4983	32
4984	26
4985	30
4986	39
4987	33
4988	33
4989	25
4990	26
4991	35
4992	42
4993	25
4994	33
4995	34
4996	41
4997	40
4998	31
4999	40
5000	50
5001	49
5002	42
5003	40
5004	38
5005	41
5006	59
5007	81
5008	71
5009	66
5010	79
5011	103
5012	110
5013	131
5014	155
5015	181
5016	211
5017	303
5018	360
5019	392
5020	443
5021	513
5022	525
5023	555
5024	639
5025	670
5026	684
5027	699
5028	700
5029	680
5030	642
5031	597
5032	559
5033	473
5034	410
5035	347
5036	262
5037	234
5038	139
5039	127
5040	83
5041	62
5042	46
5043	23
5044	35
5045	25
5046	26
5047	24
5048	23
5049	22
5050	25
5051	29
5052	36
5053	31
5054	22
5055	24
5056	17
5057	37
5058	25
5059	25
5060	24
5061	21
5062	29
5063	26
5064	18
5065	29
5066	28
5067	29
5068	24
5069	22
5070	24
5071	15
5072	28
5073	23
5074	20
5075	32
5076	21
5077	32
5078	24
5079	24
5080	21
5081	18
5082	12
5083	25
5084	27
5085	31
5086	20
5087	28
5088	25
5089	25
5090	26
5091	22
5092	30
5093	20
5094	30
5095	25
5096	20
5097	13
5098	23
5099	20
5100	16
5101	15
5102	15
5103	19
5104	24
5105	27
5106	22
5107	21
5108	19
5109	19
5110	28
5111	22
5112	31
5113	31
5114	16
5115	28
5116	17
5117	25
5118	23
5119	20
5120	28
5121	22
5122	20
5123	25
5124	22
5125	20
5126	28
5127	21
5128	21
5129	15
5130	33
5131	21
5132	16
5133	19
5134	20
5135	21
5136	25
5137	22
5138	17
5139	20
5140	18
5141	22
5142	27
5143	27
5144	27
5145	18
5146	24
5147	22
5148	27
5149	17
5150	19
5151	20
5152	32
5153	25
5154	30
5155	21
5156	18
5157	21
5158	26
5159	27
5160	24
5161	15
5162	18
5163	19
5164	23
5165	17
5166	19
5167	20
5168	25
5169	29
5170	29
5171	22
5172	23
5173	27
5174	20
5175	20
5176	22
5177	23
5178	26
5179	22
5180	26
5181	16
5182	16
5183	23
5184	32
5185	12
5186	17
5187	15
5188	23
5189	22
5190	14
5191	22
5192	26
5193	37
5194	20
5195	22
5196	18
5197	24
5198	21
5199	14
5200	23
5201	21
5202	24
5203	21
5204	27
5205	20
5206	21
5207	20
5208	19
5209	29
5210	21
5211	16
5212	17
5213	20
5214	18
5215	34
5216	20
5217	23
5218	15
5219	17
5220	22
5221	24
5222	22
5223	28
5224	25
5225	22
5226	20
5227	24
5228	27
5229	27
5230	24
5231	26
5232	28
5233	43
5234	32
5235	38
5236	34
5237	47
5238	53
5239	61
5240	40
5241	49
5242	46
5243	58
5244	36
5245	40
5246	44
5247	35
5248	49
5249	37
5250	43
5251	35
5252	27
5253	30
5254	36
5255	24
5256	18
5257	12
5258	24
5259	31
5260	29
5261	21
5262	15
5263	20
5264	14
5265	28
5266	19
5267	17
5268	21
5269	23
5270	24
5271	19
5272	17
5273	24
5274	27
5275	22
5276	18
5277	23
5278	22
5279	14
5280	18
5281	18
5282	33
5283	16
5284	17
5285	20
5286	20
5287	21
5288	13
5289	20
5290	19
5291	21
5292	22
5293	24
5294	19
5295	18
5296	22
5297	20
5298	17
5299	22
5300	26
5301	18
5302	23
5303	16
5304	19
5305	15
5306	20
5307	21
5308	17
5309	19
5310	18
5311	14
5312	25
5313	16
5314	26
5315	23
5316	25
5317	21
5318	18
5319	19
5320	22
5321	14
5322	19
5323	26
5324	11
5325	22
5326	23
5327	17
5328	22
5329	17
5330	18
5331	10
5332	18
5333	17
5334	16
5335	11
5336	27
5337	19
5338	16
5339	13
5340	21
5341	24
5342	14
5343	17
5344	16
5345	21
5346	18
5347	20
5348	15
5349	20
5350	18
5351	26
5352	17
5353	15
5354	27
5355	15
5356	23
5357	20
5358	25
5359	19
5360	15
5361	14
5362	16
5363	21
5364	18
5365	18
5366	18
5367	11
5368	9
5369	12
5370	26
5371	23
5372	22
5373	16
5374	19
5375	19
5376	19
5377	13
5378	23
5379	23
5380	20
5381	24
5382	22
5383	13
5384	20
5385	12
5386	19
5387	18
5388	25
5389	23
5390	16
5391	22
5392	19
5393	18
5394	15
5395	15
5396	27
5397	18
5398	20
5399	15
5400	24
5401	22
5402	18
5403	30
5404	18
5405	23
5406	21
5407	9
5408	16
5409	23
5410	19
5411	19
5412	16
5413	26
5414	16
5415	21
5416	25
5417	24
5418	17
5419	18
5420	28
5421	22
5422	17
5423	23
5424	14
5425	23
5426	23
5427	13
5428	19
5429	17
5430	20
5431	24
5432	14
5433	17
5434	16
5435	21
5436	22
5437	22
5438	27
5439	19
5440	20
5441	15
5442	18
5443	22
5444	13
5445	25
5446	24
5447	17
5448	18
5449	16
5450	25
5451	14
5452	17
5453	17
5454	18
5455	9
5456	16
5457	18
5458	17
5459	18
5460	22
5461	21
5462	13
5463	23
5464	23
5465	19
5466	25
5467	24
5468	23
5469	15
5470	11
5471	14
5472	18
5473	20
5474	25
5475	13
5476	19
5477	27
5478	16
5479	26
5480	23
5481	23
5482	14
5483	20
5484	18
5485	16
5486	15
5487	21
5488	12
5489	16
5490	23
5491	22
5492	20
5493	19
5494	20
5495	18
5496	19
5497	22
5498	18
5499	24
5500	17
5501	19
5502	20
5503	16
5504	20
5505	28
5506	22
5507	20
5508	20
5509	20
5510	24
5511	30
5512	25
5513	27
5514	20
5515	19
5516	11
5517	20
5518	18
5519	27
5520	14
5521	26
5522	25
5523	29
5524	26
5525	21
5526	25
5527	14
5528	13
5529	11
5530	19
5531	19
5532	21
5533	27
5534	23
5535	10
5536	22
5537	20
5538	21
5539	13
5540	21
5541	20
5542	31
5543	14
5544	16
5545	16
5546	15
5547	14
5548	25
5549	22
5550	18
5551	15
5552	24
5553	19
5554	10
5555	23
5556	15
5557	21
5558	22
5559	18
5560	26
5561	14
5562	23
5563	14
5564	23
5565	18
5566	24
5567	20
5568	20
5569	21
5570	27
5571	14
5572	20
5573	13
5574	21
5575	23
5576	22
5577	25
5578	15
5579	24
5580	21
5581	21
5582	27
5583	23
5584	31
5585	21
5586	27
5587	17
5588	13
5589	24
5590	22
5591	20
5592	18
5593	21
5594	27
5595	17
5596	17
5597	12
5598	29
5599	22
5600	25
5601	17
5602	19
5603	16
5604	22
5605	22
5606	22
5607	18
5608	25
5609	25
5610	18
5611	26
5612	11
5613	25
5614	19
5615	25
5616	26
5617	19
5618	23
5619	20
5620	12
5621	23
5622	23
5623	23
5624	31
5625	24
5626	21
5627	23
5628	19
5629	27
5630	27
5631	20
5632	27
5633	28
5634	29
5635	28
5636	24
5637	37
5638	38
5639	40
5640	28
5641	32
5642	39
5643	42
5644	39
5645	47
5646	59
5647	47
5648	71
5649	73
5650	91
5651	105
5652	129
5653	134
5654	152
5655	148
5656	201
5657	229
5658	285
5659	278
5660	321
5661	347
5662	359
5663	364
5664	397
5665	411
5666	438
5667	397
5668	367
5669	425
5670	412
5671	356
5672	308
5673	282
5674	263
5675	209
5676	185
5677	129
5678	111
5679	116
5680	121
5681	87
5682	88
5683	76
5684	93
5685	94
5686	93
5687	84
5688	69
5689	80
5690	68
5691	62
5692	72
5693	62
5694	57
5695	38
5696	39
5697	24
5698	35
5699	36
5700	26
5701	28
5702	24
5703	13
5704	20
5705	20
5706	20
5707	18
5708	20
5709	13
5710	20
5711	19
5712	20
5713	19
5714	23
5715	10
5716	16
5717	19
5718	17
5719	18
5720	30
5721	13
5722	24
5723	14
5724	15
5725	13
5726	20
5727	20
5728	21
5729	18
5730	24
5731	29
5732	20
5733	20
5734	19
5735	19
5736	19
5737	22
5738	28
5739	9
5740	22
5741	18
5742	23
5743	18
5744	27
5745	20
5746	20
5747	18
5748	14
5749	16
5750	22
5751	25
5752	24
5753	27
5754	18
5755	24
5756	18
5757	24
5758	30
5759	21
5760	22
5761	22
5762	23
5763	28
5764	17
5765	31
5766	25
5767	27
5768	27
5769	24
5770	28
5771	29
5772	28
5773	33
5774	42
5775	35
5776	35
5777	43
5778	48
5779	50
5780	49
5781	63
5782	69
5783	60
5784	59
5785	58
5786	109
5787	107
5788	114
5789	126
5790	140
5791	155
5792	209
5793	256
5794	281
5795	315
5796	331
5797	432
5798	435
5799	481
5800	512
5801	476
5802	523
5803	518
5804	540
5805	551
5806	494
5807	485
5808	440
5809	434
5810	368
5811	300
5812	276
5813	220
5814	151
5815	145
5816	87
5817	83
5818	53
5819	45
5820	35
5821	32
5822	23
5823	16
5824	29
5825	18
5826	18
5827	20
5828	17
5829	23
5830	16
5831	20
5832	26
5833	16
5834	21
5835	23
5836	20
5837	21
5838	19
5839	15
5840	24
5841	19
5842	21
5843	24
5844	23
5845	22
5846	23
5847	22
5848	21
5849	17
5850	21
5851	24
5852	21
5853	29
5854	19
5855	30
5856	20
5857	22
5858	11
5859	14
5860	21
5861	21
5862	29
5863	22
5864	18
5865	23
5866	20
5867	23
5868	17
5869	26
5870	18
5871	18
5872	18
5873	15
5874	18
5875	20
5876	14
5877	21
5878	17
5879	25
5880	12
5881	37
5882	19
5883	17
5884	26
5885	18
5886	24
5887	20
5888	23
5889	19
5890	21
5891	19
5892	20
5893	10
5894	19
5895	20
5896	22
5897	23
5898	16
5899	20
5900	25
5901	15
5902	17
5903	18
5904	19
5905	19
5906	14
5907	30
5908	23
5909	20
5910	20
5911	20
5912	20
5913	20
5914	18
5915	24
5916	28
5917	23
5918	18
5919	21
5920	17
5921	18
5922	29
5923	19
5924	18
5925	20
5926	17
5927	27
5928	23
5929	18
5930	22
5931	18
5932	21
5933	26
5934	15
5935	20
5936	11
5937	19
5938	20
5939	9
5940	14
5941	26
5942	21
5943	21
5944	23
5945	24
5946	31
5947	22
5948	18
5949	27
5950	21
5951	18
5952	16
5953	25
5954	14
5955	16
5956	18
5957	19
5958	11
5959	23
5960	22
5961	25
5962	28
5963	18
5964	25
5965	19
5966	22
5967	18
5968	26
5969	18
5970	19
5971	11
5972	23
5973	24
5974	16
5975	21
5976	22
5977	21
5978	20
5979	19
5980	18
5981	24
5982	12
5983	28
5984	13
5985	17
5986	19
5987	21
5988	26
5989	12
5990	14
5991	19
5992	16
5993	22
5994	27
5995	15
5996	29
5997	20
5998	26
5999	19
6000	21
6001	20
6002	20
6003	26
6004	20
6005	26
6006	23
6007	20
6008	28
6009	22
6010	23
6011	33
6012	19
6013	17
6014	25
6015	35
6016	23
6017	18
6018	22
6019	29
6020	16
6021	23
6022	15
6023	20
6024	12
6025	19
6026	22
6027	16
6028	29
6029	36
6030	16
6031	22
6032	22
6033	23
6034	21
6035	28
6036	20
6037	19
6038	25
6039	22
6040	22
6041	23
6042	20
6043	28
6044	27
6045	25
6046	19
6047	25
6048	25
6049	20
6050	19
6051	16
6052	17
6053	25
6054	18
6055	18
6056	31
6057	24
6058	19
6059	22
6060	24
6061	22
6062	25
6063	24
6064	24
6065	30
6066	20
6067	24
6068	25
6069	33
6070	19
6071	17
6072	18
6073	30
6074	26
6075	20
6076	20
6077	29
6078	21
6079	25
6080	29
6081	16
6082	25
6083	21
6084	12
6085	19
6086	15
6087	26
6088	20
6089	37
6090	20
6091	13
6092	18
6093	19
6094	27
6095	27
6096	19
6097	28
6098	20
6099	23
6100	16
6101	21
6102	26
6103	26
6104	32
6105	22
6106	21
6107	24
6108	22
6109	28
6110	26
6111	26
6112	21
6113	28
6114	32
6115	29
6116	20
6117	30
6118	22
6119	26
6120	19
6121	21
6122	15
6123	27
6124	27
6125	30
6126	18
6127	30
6128	32
6129	18
6130	21
6131	30
6132	29
6133	27
6134	16
6135	23
6136	21
6137	20
6138	20
6139	22
6140	30
6141	26
6142	22
6143	21
6144	19
6145	25
6146	31
6147	15
6148	18
6149	20
6150	29
6151	16
6152	15
6153	14
6154	25
6155	23
6156	20
6157	22
6158	21
6159	23
6160	28
6161	23
6162	20
6163	19
6164	18
6165	25
6166	17
6167	18
6168	16
6169	25
6170	30
6171	29
6172	20
6173	24
6174	23
6175	16
6176	24
6177	25
6178	18
6179	20
6180	17
6181	22
6182	30
6183	16
6184	20
6185	20
6186	18
6187	21
6188	24
6189	20
6190	21
6191	21
6192	19
6193	21
6194	20
6195	20
6196	27
6197	15
6198	24
6199	20
6200	13
6201	21
6202	25
6203	22
6204	17
6205	20
6206	25
6207	23
6208	20
6209	23
6210	20
6211	20
6212	13
6213	14
6214	22
6215	23
6216	20
6217	25
6218	17
6219	12
6220	19
6221	18
6222	21
6223	16
6224	21
6225	27
6226	21
6227	20
6228	14
6229	19
6230	24
6231	19
6232	20
6233	19
6234	19
6235	24
6236	16
6237	18
6238	19
6239	14
6240	11
6241	27
6242	13
6243	16
6244	18
6245	15
6246	22
6247	12
6248	19
6249	20
6250	19
6251	17
6252	13
6253	15
6254	11
6255	8
6256	17
6257	9
6258	14
6259	16
6260	16
6261	22
6262	16
6263	13
6264	21
6265	10
6266	13
6267	11
6268	10
6269	18
6270	13
6271	25
6272	8
6273	13
6274	19
6275	8
6276	15
6277	20
6278	16
6279	16
6280	16
6281	19
6282	10
6283	11
6284	15
6285	12
6286	13
6287	9
6288	11
6289	9
6290	24
6291	6
6292	20
6293	18
6294	20
6295	16
6296	17
6297	17
6298	14
6299	16
6300	17
6301	23
6302	11
6303	20
6304	8
6305	19
6306	20
6307	15
6308	16
6309	18
6310	19
6311	23
6312	18
6313	18
6314	25
6315	17
6316	19
6317	31
6318	24
6319	29
6320	28
6321	38
6322	42
6323	34
6324	51
6325	43
6326	65
6327	43
6328	46
6329	46
6330	67
6331	59
6332	52
6333	68
6334	53
6335	49
6336	56
6337	60
6338	50
6339	41
6340	35
6341	36
6342	32
6343	31
6344	27
6345	18
6346	15
6347	19
6348	14
6349	13
6350	4
6351	12
6352	16
6353	10
6354	11
6355	12
6356	8
6357	15
6358	13
6359	9
6360	9
6361	12
6362	10
6363	7
6364	8
6365	19
6366	14
6367	17
6368	14
6369	4
6370	16
6371	12
6372	14
6373	12
6374	15
6375	10
6376	12
6377	12
6378	13
6379	14
6380	17
6381	15
6382	16
6383	14
6384	8
6385	14
6386	10
6387	10
6388	10
6389	9
6390	8
6391	9
6392	12
6393	9
6394	17
6395	10
6396	12
6397	13
6398	5
6399	8
6400	13
6401	19
6402	8
6403	15
6404	10
6405	13
6406	8
6407	18
6408	10
6409	11
6410	17
6411	14
6412	12
6413	17
6414	11
6415	11
6416	19
6417	10
6418	9
6419	12
6420	15
6421	11
6422	10
6423	15
6424	9
6425	7
6426	8
6427	9
6428	13
6429	10
6430	11
6431	13
6432	10
6433	13
6434	13
6435	10
6436	13
6437	16
6438	10
6439	12
6440	7
6441	15
6442	10
6443	8
6444	13
6445	11
6446	10
6447	10
6448	14
6449	14
6450	11
6451	6
6452	9
6453	9
6454	9
6455	8
6456	6
6457	9
6458	16
6459	9
6460	7
6461	13
6462	8
6463	8
6464	17
6465	11
6466	10
6467	8
6468	12
6469	10
6470	6
6471	12
6472	15
6473	9
6474	14
6475	11
6476	8
6477	15
6478	10
6479	13
6480	14
6481	12
6482	16
6483	9
6484	7
6485	4
6486	8
6487	12
6488	19
6489	13
6490	9
6491	16
6492	12
6493	13
6494	9
6495	12
6496	8
6497	7
6498	6
6499	12
6500	8
6501	10
6502	8
6503	11
6504	11
6505	12
6506	8
6507	8
6508	9
6509	10
6510	12
6511	12
6512	18
6513	8
6514	20
6515	7
6516	21
6517	9
6518	11
6519	12
6520	17
6521	18
6522	16
6523	9
6524	12
6525	17
6526	16
6527	11
6528	14
6529	28
6530	12
6531	14
6532	13
6533	12
6534	18
6535	9
6536	10
6537	14
6538	4
6539	11
6540	5
6541	7
6542	12
6543	8
6544	12
6545	7
6546	9
6547	11
6548	9
6549	11
6550	10
6551	6
6552	10
6553	9
6554	6
6555	11
6556	9
6557	10
6558	8
6559	13
6560	7
6561	14
6562	16
6563	11
6564	12
6565	8
6566	8
6567	8
6568	7
6569	4
6570	5
6571	7
6572	10
6573	13
6574	11
6575	14
6576	11
6577	8
6578	12
6579	9
6580	9
6581	10
6582	10
6583	9
6584	9
6585	10
6586	10
6587	4
6588	8
6589	16
6590	8
6591	12
6592	5
6593	5
6594	11
6595	9
6596	10
6597	13
6598	9
6599	8
6600	4
6601	9
6602	3
6603	4
6604	9
6605	8
6606	7
6607	5
6608	6
6609	5
6610	6
6611	3
6612	10
6613	8
6614	8
6615	11
6616	15
6617	8
6618	10
6619	10
6620	4
6621	9
6622	5
6623	11
6624	5
6625	10
6626	5
6627	6
6628	7
6629	6
6630	3
6631	8
6632	11
6633	12
6634	6
6635	8
6636	5
6637	6
6638	9
6639	5
6640	7
6641	3
6642	10
6643	4
6644	12
6645	8
6646	4
6647	5
6648	6
6649	8
6650	14
6651	5
6652	5
6653	13
6654	9
6655	5
6656	7
6657	7
6658	3
6659	4
6660	8
6661	8
6662	4
6663	7
6664	3
6665	4
6666	3
6667	12
6668	5
6669	8
6670	9
6671	7
6672	4
6673	9
6674	5
6675	5
6676	5
6677	4
6678	6
6679	4
6680	6
6681	4
6682	6
6683	9
6684	11
6685	5
6686	9
6687	4
6688	7
6689	6
6690	5
6691	7
6692	2
6693	8
6694	7
6695	6
6696	11
6697	4
6698	6
6699	5
6700	6
6701	6
6702	5
6703	8
6704	6
6705	4
6706	4
6707	9
6708	2
6709	5
6710	7
6711	7
6712	7
6713	8
6714	7
6715	6
6716	8
6717	7
6718	3
6719	6
6720	7
6721	6
6722	6
6723	7
6724	7
6725	12
6726	7
6727	3
6728	8
6729	5
6730	4
6731	9
6732	6
6733	10
6734	9
6735	11
6736	4
6737	10
6738	8
6739	6
6740	11
6741	5
6742	6
6743	8
6744	7
6745	7
6746	10
6747	7
6748	5
6749	16
6750	7
6751	6
6752	13
6753	7
6754	9
6755	5
6756	6
6757	7
6758	9
6759	10
6760	11
6761	6
6762	15
6763	9
6764	10
6765	12
6766	21
6767	14
6768	18
6769	16
6770	17
6771	17
6772	22
6773	18
6774	40
6775	34
6776	29
6777	41
6778	37
6779	40
6780	45
6781	51
6782	46
6783	46
6784	52
6785	41
6786	47
6787	54
6788	47
6789	44
6790	47
6791	31
6792	36
6793	25
6794	35
6795	26
6796	14
6797	10
6798	10
6799	14
6800	14
6801	9
6802	7
6803	3
6804	3
6805	7
6806	6
6807	6
6808	4
6809	1
6810	5
6811	6
6812	5
6813	3
6814	4
6815	6
6816	2
6817	6
6818	3
6819	6
6820	3
6821	1
6822	3
6823	5
6824	4
6825	4
6826	5
6827	4
6828	1
6829	5
6830	6
6831	9
6832	4
6833	6
6834	4
6835	4
6836	2
6837	3
6838	4
6839	6
6840	5
6841	0
6842	5
6843	5
6844	2
6845	2
6846	3
6847	2
6848	4
6849	3
6850	2
6851	3
6852	3
6853	3
6854	4
6855	5
6856	5
6857	2
6858	0
6859	6
6860	7
6861	2
6862	7
6863	3
6864	5
6865	6
6866	3
6867	2
6868	4
6869	2
6870	5
6871	2
6872	2
6873	0
6874	3
6875	4
6876	2
6877	7
6878	6
6879	4
6880	5
6881	1
6882	1
6883	2
6884	1
6885	5
6886	1
6887	4
6888	7
6889	0
6890	4
6891	4
6892	7
6893	3
6894	2
6895	1
6896	3
6897	3
6898	1
6899	4
6900	2
6901	4
6902	1
6903	3
6904	0
6905	3
6906	3
6907	2
6908	1
6909	1
6910	3
6911	4
6912	2
6913	6
6914	2
6915	3
6916	6
6917	3
6918	4
6919	5
6920	2
6921	5
6922	2
6923	3
6924	6
6925	1
6926	5
6927	3
6928	5
6929	3
6930	5
6931	1
6932	5
6933	4
6934	0
6935	2
6936	3
6937	3
6938	3
6939	3
6940	2
6941	3
6942	3
6943	1
6944	3
6945	2
6946	3
6947	3
6948	1
6949	2
6950	3
6951	0
6952	1
6953	2
6954	1
6955	4
6956	1
6957	5
6958	3
6959	2
6960	1
6961	2
6962	4
6963	1
6964	3
6965	2
6966	0
6967	3
6968	5
6969	0
6970	2
6971	2
6972	0
6973	5
6974	0
6975	2
6976	6
6977	0
6978	2
6979	1
6980	1
6981	4
6982	4
6983	2
6984	2
6985	1
6986	5
6987	4
6988	4
6989	4
6990	2
6991	2
6992	6
6993	3
6994	2
6995	3
6996	1
6997	4
6998	4
6999	2
7000	3
7001	2
7002	3
7003	2
7004	3
7005	1
7006	2
7007	0
7008	1
7009	3
7010	4
7011	1
7012	1
7013	3
7014	2
7015	3
7016	3
7017	1
7018	0
7019	2
7020	4
7021	1
7022	2
7023	4
7024	2
7025	2
7026	2
7027	2
7028	2
7029	3
7030	7
7031	1
7032	3
7033	1
7034	8
7035	3
7036	1
7037	2
7038	3
7039	2
7040	3
7041	1
7042	0
7043	4
7044	4
7045	3
7046	2
7047	2
7048	5
7049	4
7050	2
7051	0
7052	0
7053	5
7054	0
7055	3
7056	2
7057	1
7058	3
7059	2
7060	1
7061	2
7062	1
7063	2
7064	2
7065	2
7066	1
7067	2
7068	0
7069	3
7070	0
7071	3
7072	2
7073	3
7074	3
7075	3
7076	1
7077	1
7078	1
7079	2
7080	0
7081	2
7082	4
7083	3
7084	1
7085	2
7086	3
7087	2
7088	4
7089	2
7090	3
7091	3
7092	2
7093	3
7094	1
7095	1
7096	4
7097	0
7098	2
7099	1
7100	2
7101	1
7102	3
7103	3
7104	2
7105	0
7106	1
7107	2
7108	1
7109	4
7110	2
7111	3
7112	4
7113	2
7114	1
7115	3
7116	1
7117	6
7118	0
7119	5
7120	1
7121	0
7122	2
7123	1
7124	3
7125	4
7126	3
7127	1
7128	3
7129	1
7130	2
7131	2
7132	4
7133	4
7134	0
7135	5
7136	3
7137	1
7138	1
7139	1
7140	2
7141	1
7142	1
7143	2
7144	3
7145	4
7146	3
7147	1
7148	3
7149	1
7150	4
7151	2
7152	2
7153	2
7154	4
7155	1
7156	1
7157	3
7158	1
7159	2
7160	1
7161	3
7162	4
7163	3
7164	0
7165	0
7166	5
7167	2
7168	5
7169	4
7170	1
7171	0
7172	0
7173	2
7174	2
7175	5
7176	1
7177	3
7178	3
7179	2
7180	1
7181	3
7182	1
7183	0
7184	2
7185	1
7186	2
7187	2
7188	3
7189	4
7190	1
7191	2
7192	2
7193	3
7194	1
7195	0
7196	1
7197	3
7198	2
7199	2
7200	4
7201	2
7202	0
7203	1
7204	1
7205	1
7206	1
7207	5
7208	3
7209	2
7210	1
7211	1
7212	3
7213	1
7214	1
7215	3
7216	3
7217	2
7218	3
7219	2
7220	3
7221	1
7222	4
7223	2
7224	5
7225	1
7226	3
7227	0
7228	2
7229	1
7230	2
7231	4
7232	1
7233	1
7234	3
7235	1
7236	3
7237	3
7238	3
7239	2
7240	2
7241	1
7242	1
7243	2
7244	2
7245	3
7246	1
7247	1
7248	1
7249	2
7250	3
7251	2
7252	1
7253	3
7254	2
7255	1
7256	3
7257	5
7258	1
7259	2
7260	1
7261	1
7262	2
7263	4
7264	2
7265	0
7266	1
7267	2
7268	3
7269	2
7270	4
7271	3
7272	3
7273	1
7274	4
7275	2
7276	5
7277	1
7278	3
7279	2
7280	3
7281	2
7282	5
7283	1
7284	4
7285	4
7286	4
7287	4
7288	2
7289	3
7290	0
7291	2
7292	3
7293	3
7294	5
7295	6
7296	4
7297	2
7298	3
7299	6
7300	5
7301	7
7302	6
7303	4
7304	6
7305	8
7306	4
7307	1
7308	7
7309	10
7310	8
7311	13
7312	12
7313	2
7314	12
7315	10
7316	10
7317	8
7318	11
7319	9
7320	18
7321	18
7322	22
7323	27
7324	27
7325	21
7326	22
7327	26
7328	28
7329	30
7330	22
7331	49
7332	42
7333	41
7334	66
7335	69
7336	80
7337	100
7338	115
7339	126
7340	164
7341	168
7342	203
7343	244
7344	255
7345	285
7346	341
7347	344
7348	390
7349	437
7350	420
7351	454
7352	476
7353	486
7354	527
7355	509
7356	548
7357	504
7358	520
7359	499
7360	522
7361	483
7362	442
7363	411
7364	329
7365	291
7366	260
7367	173
7368	163
7369	124
7370	83
7371	59
7372	42
7373	30
7374	23
7375	10
7376	6
7377	6
7378	4
7379	2
7380	0
7381	1
7382	1
7383	2
7384	0
7385	0
7386	0
7387	3
7388	1
7389	0
7390	0
7391	0
7392	0
7393	1
7394	0
7395	0
7396	0
7397	0
7398	0
7399	1
7400	0
7401	0
7402	0
7403	0
7404	2
7405	1
7406	2
7407	1
7408	0
7409	1
7410	2
7411	0
7412	0
7413	0
7414	1
7415	1
7416	1
7417	2
7418	0
7419	0
7420	0
7421	0
7422	0
7423	0
7424	0
7425	1
7426	1
7427	0
7428	0
7429	0
7430	1
7431	2
7432	1
7433	1
7434	0
7435	0
7436	0
7437	0
7438	0
7439	0
7440	1
7441	0
7442	1
7443	1
7444	0
7445	0
7446	0
7447	0
7448	1
7449	0
7450	1
7451	0
7452	0
7453	0
7454	1
7455	1
7456	0
7457	1
7458	1
7459	0
7460	0
7461	0
7462	0
7463	0
7464	0
7465	0
7466	1
7467	0
7468	0
7469	1
7470	0
7471	0
7472	0
7473	1
7474	0
7475	1
7476	0
7477	0
7478	0
7479	0
7480	0
7481	1
7482	1
7483	1
7484	0
7485	1
7486	1
7487	1
7488	1
7489	0
7490	0
7491	0
7492	0
7493	0
7494	1
7495	0
7496	1
7497	0
7498	1
7499	0
7500	0
7501	1
7502	1
7503	0
7504	0
7505	0
7506	0
7507	0
7508	0
7509	0
7510	1
7511	0
7512	1
7513	0
7514	0
7515	0
7516	0
7517	0
7518	0
7519	0
7520	0
7521	1
7522	0
7523	1
7524	1
7525	0
7526	0
7527	1
7528	0
7529	0
7530	0
7531	0
7532	0
7533	1
7534	0
7535	0
7536	1
7537	0
7538	1
7539	0
7540	0
7541	0
7542	1
7543	1
7544	0
7545	1
7546	1
7547	0
7548	0
7549	0
7550	1
7551	0
7552	0
7553	0
7554	0
7555	0
7556	0
7557	0
7558	0
7559	3
7560	0
7561	0
7562	1
7563	2
7564	0
7565	1
7566	0
7567	0
7568	0
7569	0
7570	1
7571	0
7572	0
7573	0
7574	0
7575	0
7576	0
7577	2
7578	1
7579	0
7580	3
7581	2
7582	1
7583	2
7584	0
7585	1
7586	1
7587	1
7588	0
7589	1
7590	0
7591	1
7592	1
7593	0
7594	1
7595	0
7596	1
7597	3
7598	3
7599	7
7600	4
7601	5
7602	3
7603	4
7604	7
7605	9
7606	7
7607	7
7608	10
7609	8
7610	10
7611	12
7612	12
7613	14
7614	11
7615	11
7616	14
7617	8
7618	9
7619	18
7620	24
7621	11
7622	15
7623	12
7624	10
7625	17
7626	11
7627	15
7628	19
7629	8
7630	10
7631	7
7632	9
7633	7
7634	8
7635	5
7636	11
7637	8
7638	10
7639	5
7640	5
7641	4
7642	2
7643	3
7644	2
7645	6
7646	4
7647	1
7648	3
7649	1
7650	0
7651	1
7652	0
7653	0
7654	1
7655	0
7656	0
7657	0
7658	1
7659	0
7660	1
7661	0
7662	3
7663	0
7664	0
7665	0
7666	0
7667	0
7668	0
7669	1
7670	0
7671	1
7672	0
7673	0
7674	0
7675	0
7676	1
7677	0
7678	0
7679	1
7680	1
7681	0
7682	0
7683	0
7684	0
7685	0
7686	0
7687	0
7688	0
7689	1
7690	0
7691	0
7692	0
7693	0
7694	1
7695	0
7696	1
7697	0
7698	1
7699	0
7700	0
7701	0
7702	1
7703	0
7704	0
7705	0
7706	0
7707	1
7708	0
7709	0
7710	0
7711	0
7712	1
7713	0
7714	0
7715	0
7716	0
7717	1
7718	1
7719	0
7720	1
7721	0
7722	0
7723	0
7724	0
7725	0
7726	0
7727	0
7728	0
7729	0
7730	1
7731	2
7732	0
7733	0
7734	0
7735	0
7736	0
7737	0
7738	0
7739	0
7740	1
7741	1
7742	1
7743	0
7744	1
7745	1
7746	0
7747	3
7748	0
7749	0
7750	0
7751	1
7752	0
7753	0
7754	0
7755	0
7756	1
7757	0
7758	0
7759	0
7760	0
7761	0
7762	0
7763	0
7764	1
7765	0
7766	0
7767	0
7768	0
7769	0
7770	0
7771	0
7772	0
7773	0
7774	0
7775	0
7776	0
7777	0
7778	0
7779	0
7780	1
7781	1
7782	0
7783	1
7784	0
7785	0
7786	0
7787	0
7788	1
7789	0
7790	0
7791	0
7792	0
7793	0
7794	0
7795	0
7796	2
7797	0
7798	0
7799	0
7800	0
7801	0
7802	1
7803	0
7804	0
7805	0
7806	0
7807	0
7808	0
7809	0
7810	2
7811	0
7812	0
7813	0
7814	1
7815	0
7816	0
7817	1
7818	0
7819	0
7820	0
7821	0
7822	0
7823	0
7824	0
7825	0
7826	0
7827	0
7828	0
7829	0
7830	0
7831	1
7832	0
7833	1
7834	0
7835	0
7836	0
7837	0
7838	0
7839	0
7840	1
7841	1
7842	1
7843	0
7844	0
7845	0
7846	0
7847	0
7848	0
7849	0
7850	0
7851	0
7852	0
7853	0
7854	0
7855	1
7856	0
7857	0
7858	1
7859	2
7860	2
7861	0
7862	1
7863	3
7864	0
7865	0
7866	0
7867	0
7868	0
7869	0
7870	0
7871	1
7872	0
7873	0
7874	0
7875	0
7876	0
7877	0
7878	1
7879	0
7880	1
7881	1
7882	0
7883	1
7884	1
7885	0
7886	0
7887	0
7888	0
7889	1
7890	0
7891	0
7892	0
7893	0
7894	1
7895	0
7896	0
7897	1
7898	0
7899	0
7900	1
7901	1
7902	0
7903	0
7904	0
7905	0
7906	0
7907	0
7908	0
7909	0
7910	1
7911	0
7912	0
7913	0
7914	0
7915	0
7916	0
7917	0
7918	0
7919	0
7920	1
7921	1
7922	0
7923	1
7924	1
7925	1
7926	0
7927	0
7928	0
7929	1
7930	0
7931	0
7932	1
7933	1
7934	0
7935	1
7936	0
7937	1
7938	0
7939	0
7940	0
7941	1
7942	0
7943	0
7944	0
7945	0
7946	0
7947	1
7948	0
7949	0
7950	0
7951	0
7952	1
7953	1
7954	2
7955	0
7956	0
7957	0
7958	0
7959	2
7960	0
7961	1
7962	0
7963	1
7964	2
7965	1
7966	2
7967	2
7968	0
7969	4
7970	4
7971	0
7972	2
7973	9
7974	5
7975	4
7976	6
7977	4
7978	5
7979	4
7980	4
7981	8
7982	3
7983	7
7984	7
7985	5
7986	7
7987	9
7988	3
7989	9
7990	6
7991	5
7992	4
7993	2
7994	2
7995	2
7996	4
7997	0
7998	2
7999	0
8000	1
8001	1
8002	2
8003	1
8004	1
8005	0
8006	0
8007	0
8008	0
8009	0
8010	0
8011	0
8012	0
8013	0
8014	0
8015	0
8016	0
8017	0
8018	0
8019	0
8020	0
8021	0
8022	0
8023	0
8024	0
8025	0
8026	0
8027	0
8028	0
8029	0
8030	1
8031	0
8032	0
8033	1
8034	0
8035	0
8036	0
8037	1
8038	1
8039	0
8040	0
8041	0
8042	1
8043	1
8044	0
8045	1
8046	0
8047	0
8048	0
8049	0
8050	1
8051	1
8052	0
8053	0
8054	2
8055	0
8056	0
8057	1
8058	1
8059	0
8060	0
8061	1
8062	0
8063	0
8064	0
8065	0
8066	0
8067	0
8068	0
8069	0
8070	0
8071	0
8072	0
8073	0
8074	1
8075	0
8076	0
8077	0
8078	0
8079	0
8080	1
8081	0
8082	1
8083	0
8084	0
8085	0
8086	0
8087	0
8088	0
8089	0
8090	0
8091	0
8092	1
8093	0
8094	1
8095	0
8096	0
8097	0
8098	0
8099	0
8100	0
8101	0
8102	0
8103	0
8104	0
8105	0
8106	0
8107	0
8108	0
8109	1
8110	1
8111	0
8112	0
8113	0
8114	0
8115	0
8116	0
8117	0
8118	0
8119	0
8120	0
8121	0
8122	0
8123	0
8124	0
8125	0
8126	0
8127	0
8128	0
8129	0
8130	0
8131	0
8132	0
8133	0
8134	0
8135	0
8136	0
8137	0
8138	0
8139	0
8140	0
8141	0
8142	0
8143	0
8144	0
8145	0
8146	0
8147	0
8148	0
8149	0
8150	0
8151	0
8152	0
8153	0
8154	0
8155	0
8156	0
8157	0
8158	0
8159	0
8160	0
8161	0
8162	0
8163	0
8164	0
8165	0
8166	0
8167	0
8168	0
8169	0
8170	0
8171	0
8172	0
8173	0
8174	0
8175	0
8176	0
8177	0
8178	0
8179	0
8180	0
8181	0
8182	0
8183	0
8184	0
8185	0
8186	0
8187	0
8188	0
8189	0
8190	0
8191	0
