0	0
1	0
2	0
3	0
4	0
5	0
6	0
7	0
8	0
9	0
10	0
11	0
12	0
13	0
14	0
15	0
16	0
17	0
18	0
19	0
20	0
21	0
22	0
23	0
24	0
25	0
26	0
27	0
28	0
29	0
30	0
31	0
32	0
33	0
34	0
35	0
36	0
37	0
38	0
39	0
40	0
41	0
42	0
43	0
44	0
45	0
46	0
47	0
48	0
49	0
50	0
51	0
52	0
53	0
54	0
55	0
56	0
57	0
58	0
59	0
60	0
61	0
62	0
63	0
64	0
65	0
66	0
67	0
68	0
69	0
70	0
71	0
72	0
73	0
74	0
75	0
76	0
77	0
78	0
79	0
80	0
81	0
82	0
83	0
84	0
85	0
86	0
87	0
88	0
89	0
90	0
91	0
92	0
93	0
94	0
95	0
96	0
97	0
98	0
99	0
100	0
101	0
102	0
103	0
104	0
105	0
106	0
107	0
108	0
109	0
110	0
111	0
112	0
113	0
114	0
115	0
116	0
117	0
118	0
119	0
120	0
121	0
122	0
123	0
124	0
125	0
126	0
127	0
128	0
129	0
130	0
131	0
132	0
133	1
134	2
135	5
136	9
137	7
138	9
139	6
140	7
141	14
142	5
143	6
144	4
145	8
146	17
147	12
148	6
149	5
150	11
151	8
152	10
153	7
154	12
155	9
156	8
157	8
158	8
159	8
160	6
161	7
162	6
163	5
164	4
165	7
166	8
167	7
168	3
169	7
170	4
171	7
172	10
173	8
174	4
175	5
176	5
177	6
178	4
179	7
180	11
181	4
182	10
183	4
184	10
185	12
186	7
187	9
188	7
189	3
190	7
191	8
192	8
193	6
194	9
195	7
196	5
197	6
198	4
199	12
200	3
201	3
202	5
203	9
204	5
205	5
206	12
207	6
208	20
209	5
210	7
211	5
212	5
213	7
214	7
215	8
216	4
217	5
218	12
219	10
220	7
221	5
222	10
223	5
224	5
225	7
226	3
227	1
228	6
229	6
230	5
231	11
232	7
233	7
234	6
235	3
236	2
237	6
238	8
239	7
240	7
241	6
242	11
243	6
244	6
245	10
246	7
247	5
248	8
249	8
250	9
251	5
252	6
253	7
254	3
255	14
256	3
257	2
258	9
259	5
260	5
261	8
262	6
263	4
264	4
265	8
266	7
267	10
268	2
269	9
270	7
271	9
272	8
273	4
274	6
275	5
276	8
277	10
278	7
279	14
280	8
281	9
282	6
283	10
284	9
285	6
286	10
287	6
288	4
289	16
290	8
291	7
292	5
293	9
294	6
295	11
296	8
297	8
298	8
299	10
300	11
301	8
302	9
303	8
304	7
305	11
306	4
307	9
308	12
309	11
310	8
311	10
312	11
313	12
314	11
315	9
316	8
317	8
318	8
319	9
320	13
321	11
322	8
323	11
324	11
325	10
326	11
327	13
328	9
329	12
330	13
331	10
332	5
333	12
334	8
335	12
336	8
337	10
338	6
339	9
340	7
341	10
342	9
343	12
344	13
345	9
346	11
347	16
348	13
349	14
350	20
351	16
352	14
353	13
354	25
355	21
356	25
357	24
358	34
359	37
360	28
361	19
362	16
363	12
364	21
365	14
366	22
367	38
368	36
369	44
370	54
371	39
372	41
373	38
374	17
375	12
376	11
377	14
378	17
379	6
380	18
381	14
382	13
383	11
384	5
385	12
386	15
387	11
388	15
389	12
390	7
391	12
392	8
393	11
394	15
395	10
396	15
397	14
398	12
399	10
400	12
401	13
402	13
403	13
404	21
405	10
406	11
407	13
408	8
409	17
410	12
411	9
412	14
413	10
414	8
415	11
416	19
417	20
418	22
419	19
420	27
421	32
422	26
423	26
424	19
425	16
426	19
427	20
428	14
429	18
430	16
431	11
432	15
433	16
434	19
435	22
436	20
437	18
438	23
439	14
440	16
441	23
442	13
443	13
444	13
445	17
446	13
447	14
448	11
449	9
450	11
451	15
452	8
453	17
454	13
455	10
456	13
457	17
458	15
459	7
460	12
461	14
462	11
463	14
464	12
465	14
466	15
467	15
468	12
469	14
470	10
471	11
472	16
473	12
474	12
475	12
476	22
477	15
478	11
479	16
480	23
481	14
482	14
483	10
484	12
485	9
486	9
487	12
488	8
489	12
490	10
491	14
492	12
493	14
494	7
495	13
496	14
497	10
498	10
499	15
500	13
501	13
502	14
503	20
504	13
505	14
506	9
507	14
508	11
509	11
510	11
511	13
512	12
513	14
514	13
515	12
516	15
517	8
518	18
519	10
520	17
521	8
522	13
523	15
524	13
525	12
526	11
527	15
528	10
529	20
530	16
531	9
532	19
533	18
534	17
535	17
536	15
537	19
538	14
539	19
540	15
541	9
542	11
543	18
544	19
545	13
546	17
547	11
548	13
549	17
550	17
551	13
552	10
553	17
554	14
555	8
556	16
557	8
558	16
559	19
560	13
561	18
562	17
563	9
564	21
565	11
566	9
567	13
568	8
569	18
570	10
571	15
572	12
573	22
574	10
575	8
576	19
577	11
578	14
579	9
580	11
581	26
582	16
583	11
584	14
585	11
586	22
587	10
588	16
589	18
590	14
591	17
592	16
593	12
594	15
595	13
596	18
597	18
598	15
599	9
600	5
601	16
602	14
603	10
604	17
605	13
606	10
607	18
608	12
609	10
610	15
611	10
612	10
613	15
614	18
615	13
616	10
617	13
618	11
619	13
620	15
621	11
622	10
623	18
624	14
625	23
626	11
627	16
628	17
629	16
630	11
631	5
632	15
633	11
634	14
635	8
636	11
637	17
638	15
639	10
640	12
641	13
642	6
643	12
644	16
645	16
646	10
647	16
648	21
649	15
650	9
651	21
652	17
653	14
654	10
655	10
656	10
657	10
658	12
659	11
660	17
661	14
662	20
663	10
664	11
665	8
666	14
667	15
668	11
669	11
670	7
671	15
672	13
673	12
674	10
675	16
676	13
677	17
678	8
679	23
680	13
681	11
682	11
683	11
684	14
685	12
686	18
687	9
688	16
689	13
690	14
691	8
692	13
693	14
694	13
695	12
696	13
697	12
698	7
699	12
700	12
701	11
702	12
703	14
704	12
705	6
706	14
707	12
708	5
709	11
710	8
711	11
712	11
713	9
714	19
715	14
716	11
717	10
718	9
719	15
720	12
721	12
722	11
723	13
724	14
725	11
726	11
727	9
728	11
729	13
730	11
731	6
732	10
733	12
734	14
735	9
736	13
737	13
738	18
739	9
740	13
741	11
742	8
743	14
744	11
745	13
746	10
747	10
748	7
749	12
750	11
751	10
752	9
753	18
754	9
755	9
756	13
757	13
758	19
759	10
760	11
761	13
762	12
763	11
764	10
765	12
766	13
767	15
768	8
769	8
770	10
771	8
772	9
773	11
774	14
775	13
776	12
777	6
778	6
779	13
780	5
781	10
782	15
783	13
784	8
785	7
786	15
787	5
788	12
789	12
790	12
791	14
792	8
793	14
794	11
795	8
796	15
797	15
798	8
799	14
800	11
801	13
802	12
803	13
804	14
805	9
806	12
807	18
808	16
809	11
810	9
811	15
812	12
813	8
814	15
815	7
816	8
817	8
818	11
819	9
820	7
821	12
822	12
823	10
824	16
825	10
826	10
827	9
828	14
829	8
830	10
831	8
832	11
833	15
834	10
835	6
836	8
837	12
838	14
839	19
840	6
841	11
842	8
843	6
844	9
845	12
846	12
847	7
848	5
849	10
850	9
851	20
852	4
853	10
854	12
855	7
856	8
857	5
858	15
859	13
860	5
861	7
862	4
863	9
864	9
865	6
866	10
867	9
868	13
869	6
870	12
871	10
872	8
873	15
874	13
875	9
876	5
877	6
878	6
879	7
880	15
881	6
882	9
883	7
884	8
885	12
886	7
887	10
888	9
889	10
890	10
891	9
892	6
893	12
894	12
895	11
896	8
897	13
898	7
899	10
900	6
901	16
902	12
903	5
904	8
905	8
906	8
907	11
908	11
909	8
910	7
911	10
912	13
913	12
914	11
915	15
916	10
917	10
918	9
919	12
920	6
921	8
922	9
923	9
924	8
925	10
926	8
927	9
928	4
929	10
930	10
931	9
932	11
933	9
934	10
935	12
936	5
937	12
938	9
939	6
940	7
941	7
942	10
943	9
944	6
945	12
946	13
947	7
948	4
949	11
950	6
951	3
952	8
953	12
954	7
955	8
956	6
957	11
958	14
959	10
960	7
961	9
962	14
963	13
964	1
965	14
966	9
967	10
968	12
969	9
970	12
971	5
972	6
973	4
974	4
975	7
976	11
977	12
978	7
979	6
980	12
981	5
982	3
983	6
984	5
985	10
986	10
987	13
988	11
989	6
990	9
991	7
992	8
993	5
994	12
995	11
996	5
997	8
998	12
999	8
1000	5
1001	8
1002	8
1003	11
1004	10
1005	5
1006	6
1007	7
1008	10
1009	5
1010	9
1011	7
1012	9
1013	11
1014	7
1015	7
1016	9
1017	6
1018	7
1019	10
1020	4
1021	1
1022	8
1023	9
1024	7
1025	4
1026	10
1027	6
1028	6
1029	4
1030	11
1031	11
1032	7
1033	4
1034	7
1035	5
1036	9
1037	8
1038	8
1039	3
1040	9
1041	6
1042	8
1043	6
1044	8
1045	9
1046	12
1047	7
1048	4
1049	9
1050	3
1051	10
1052	9
1053	8
1054	6
1055	8
1056	11
1057	4
1058	3
1059	9
1060	7
1061	10
1062	9
1063	11
1064	8
1065	5
1066	6
1067	4
1068	10
1069	5
1070	6
1071	11
1072	8
1073	10
1074	8
1075	16
1076	8
1077	3
1078	5
1079	5
1080	4
1081	6
1082	8
1083	6
1084	5
1085	7
1086	2
1087	9
1088	7
1089	7
1090	7
1091	8
1092	12
1093	5
1094	10
1095	12
1096	7
1097	5
1098	1
1099	9
1100	8
1101	7
1102	10
1103	8
1104	8
1105	7
1106	8
1107	7
1108	4
1109	10
1110	7
1111	7
1112	5
1113	4
1114	5
1115	10
1116	5
1117	8
1118	5
1119	1
1120	8
1121	5
1122	8
1123	8
1124	9
1125	6
1126	4
1127	7
1128	3
1129	3
1130	10
1131	7
1132	8
1133	7
1134	4
1135	9
1136	6
1137	10
1138	6
1139	6
1140	4
1141	7
1142	7
1143	7
1144	4
1145	5
1146	9
1147	5
1148	2
1149	10
1150	9
1151	5
1152	9
1153	9
1154	6
1155	6
1156	5
1157	7
1158	8
1159	6
1160	8
1161	5
1162	10
1163	6
1164	9
1165	4
1166	4
1167	7
1168	5
1169	8
1170	5
1171	4
1172	9
1173	6
1174	5
1175	12
1176	5
1177	7
1178	4
1179	11
1180	9
1181	9
1182	6
1183	6
1184	8
1185	5
1186	9
1187	7
1188	6
1189	3
1190	3
1191	8
1192	5
1193	10
1194	6
1195	5
1196	4
1197	6
1198	5
1199	5
1200	7
1201	3
1202	4
1203	6
1204	5
1205	5
1206	4
1207	17
1208	10
1209	10
1210	6
1211	6
1212	4
1213	4
1214	8
1215	2
1216	3
1217	9
1218	9
1219	6
1220	4
1221	0
1222	7
1223	6
1224	8
1225	8
1226	14
1227	12
1228	14
1229	11
1230	9
1231	4
1232	7
1233	2
1234	6
1235	9
1236	5
1237	4
1238	5
1239	7
1240	9
1241	14
1242	8
1243	4
1244	7
1245	6
1246	5
1247	4
1248	8
1249	3
1250	2
1251	3
1252	4
1253	4
1254	9
1255	6
1256	9
1257	5
1258	4
1259	8
1260	8
1261	3
1262	4
1263	4
1264	6
1265	5
1266	3
1267	3
1268	6
1269	10
1270	6
1271	4
1272	9
1273	5
1274	8
1275	5
1276	2
1277	3
1278	5
1279	4
1280	0
1281	6
1282	5
1283	4
1284	8
1285	3
1286	3
1287	2
1288	6
1289	5
1290	2
1291	8
1292	4
1293	5
1294	2
1295	5
1296	7
1297	7
1298	3
1299	5
1300	7
1301	5
1302	5
1303	7
1304	3
1305	4
1306	1
1307	5
1308	3
1309	7
1310	4
1311	3
1312	3
1313	2
1314	3
1315	2
1316	3
1317	3
1318	7
1319	5
1320	3
1321	5
1322	11
1323	4
1324	3
1325	3
1326	5
1327	2
1328	7
1329	5
1330	5
1331	3
1332	6
1333	4
1334	5
1335	5
1336	7
1337	1
1338	7
1339	3
1340	6
1341	4
1342	7
1343	5
1344	8
1345	9
1346	7
1347	8
1348	3
1349	3
1350	5
1351	2
1352	3
1353	5
1354	6
1355	8
1356	6
1357	4
1358	6
1359	5
1360	4
1361	2
1362	7
1363	2
1364	3
1365	3
1366	2
1367	2
1368	4
1369	0
1370	7
1371	2
1372	3
1373	7
1374	4
1375	4
1376	6
1377	5
1378	4
1379	3
1380	4
1381	7
1382	6
1383	4
1384	6
1385	3
1386	4
1387	11
1388	5
1389	11
1390	6
1391	2
1392	4
1393	4
1394	8
1395	6
1396	1
1397	3
1398	2
1399	2
1400	2
1401	4
1402	6
1403	5
1404	1
1405	6
1406	5
1407	4
1408	2
1409	4
1410	4
1411	8
1412	2
1413	4
1414	4
1415	1
1416	4
1417	4
1418	4
1419	3
1420	0
1421	6
1422	3
1423	5
1424	4
1425	5
1426	2
1427	7
1428	4
1429	3
1430	4
1431	3
1432	2
1433	6
1434	1
1435	3
1436	5
1437	5
1438	5
1439	1
1440	5
1441	3
1442	4
1443	6
1444	3
1445	6
1446	6
1447	5
1448	5
1449	6
1450	2
1451	3
1452	4
1453	3
1454	2
1455	4
1456	4
1457	5
1458	4
1459	5
1460	2
1461	3
1462	5
1463	0
1464	1
1465	2
1466	4
1467	7
1468	2
1469	1
1470	3
1471	3
1472	6
1473	5
1474	1
1475	3
1476	4
1477	5
1478	2
1479	2
1480	8
1481	3
1482	4
1483	3
1484	4
1485	5
1486	2
1487	8
1488	4
1489	3
1490	5
1491	3
1492	6
1493	3
1494	3
1495	5
1496	3
1497	2
1498	3
1499	7
1500	7
1501	4
1502	1
1503	4
1504	2
1505	1
1506	2
1507	5
1508	4
1509	4
1510	2
1511	0
1512	5
1513	5
1514	2
1515	1
1516	1
1517	7
1518	8
1519	3
1520	4
1521	6
1522	6
1523	4
1524	7
1525	5
1526	5
1527	6
1528	7
1529	3
1530	3
1531	7
1532	3
1533	1
1534	2
1535	3
1536	3
1537	12
1538	4
1539	0
1540	6
1541	8
1542	3
1543	2
1544	4
1545	2
1546	2
1547	3
1548	4
1549	4
1550	2
1551	4
1552	3
1553	4
1554	6
1555	2
1556	2
1557	1
1558	7
1559	4
1560	4
1561	6
1562	5
1563	1
1564	1
1565	4
1566	2
1567	4
1568	3
1569	3
1570	2
1571	3
1572	2
1573	1
1574	2
1575	3
1576	5
1577	5
1578	3
1579	3
1580	6
1581	5
1582	4
1583	2
1584	0
1585	4
1586	3
1587	4
1588	1
1589	4
1590	6
1591	1
1592	4
1593	9
1594	7
1595	3
1596	4
1597	1
1598	3
1599	1
1600	4
1601	7
1602	2
1603	4
1604	4
1605	4
1606	3
1607	4
1608	6
1609	4
1610	5
1611	2
1612	3
1613	4
1614	5
1615	0
1616	3
1617	4
1618	3
1619	1
1620	9
1621	2
1622	3
1623	7
1624	4
1625	1
1626	7
1627	3
1628	4
1629	2
1630	5
1631	4
1632	3
1633	0
1634	2
1635	5
1636	7
1637	5
1638	1
1639	3
1640	2
1641	3
1642	3
1643	3
1644	7
1645	3
1646	3
1647	4
1648	4
1649	0
1650	2
1651	5
1652	5
1653	2
1654	3
1655	1
1656	2
1657	0
1658	4
1659	1
1660	4
1661	1
1662	1
1663	3
1664	1
1665	4
1666	4
1667	3
1668	1
1669	3
1670	2
1671	2
1672	3
1673	6
1674	4
1675	6
1676	0
1677	4
1678	2
1679	4
1680	3
1681	3
1682	2
1683	3
1684	1
1685	2
1686	4
1687	5
1688	6
1689	6
1690	6
1691	2
1692	2
1693	3
1694	3
1695	4
1696	3
1697	7
1698	6
1699	4
1700	2
1701	3
1702	2
1703	4
1704	3
1705	2
1706	3
1707	0
1708	2
1709	3
1710	1
1711	4
1712	3
1713	3
1714	2
1715	5
1716	2
1717	4
1718	1
1719	2
1720	2
1721	5
1722	4
1723	2
1724	3
1725	1
1726	2
1727	2
1728	6
1729	3
1730	3
1731	4
1732	2
1733	0
1734	4
1735	2
1736	1
1737	3
1738	0
1739	4
1740	2
1741	1
1742	3
1743	4
1744	4
1745	3
1746	5
1747	5
1748	10
1749	6
1750	5
1751	0
1752	3
1753	1
1754	2
1755	4
1756	2
1757	2
1758	3
1759	2
1760	2
1761	4
1762	2
1763	5
1764	3
1765	1
1766	2
1767	1
1768	3
1769	4
1770	3
1771	2
1772	5
1773	1
1774	3
1775	1
1776	2
1777	1
1778	5
1779	1
1780	0
1781	2
1782	5
1783	2
1784	2
1785	3
1786	3
1787	4
1788	4
1789	1
1790	7
1791	4
1792	2
1793	1
1794	2
1795	3
1796	2
1797	2
1798	3
1799	5
1800	3
1801	3
1802	4
1803	4
1804	2
1805	2
1806	3
1807	2
1808	0
1809	2
1810	1
1811	3
1812	3
1813	2
1814	1
1815	9
1816	5
1817	6
1818	5
1819	5
1820	6
1821	6
1822	7
1823	8
1824	4
1825	5
1826	2
1827	2
1828	1
1829	1
1830	4
1831	4
1832	1
1833	1
1834	1
1835	0
1836	1
1837	1
1838	2
1839	2
1840	2
1841	1
1842	1
1843	0
1844	2
1845	4
1846	2
1847	2
1848	2
1849	4
1850	0
1851	3
1852	1
1853	4
1854	2
1855	4
1856	0
1857	1
1858	2
1859	4
1860	2
1861	1
1862	1
1863	0
1864	0
1865	5
1866	0
1867	2
1868	3
1869	2
1870	4
1871	4
1872	2
1873	2
1874	1
1875	1
1876	3
1877	1
1878	1
1879	3
1880	1
1881	0
1882	1
1883	2
1884	1
1885	3
1886	5
1887	1
1888	2
1889	6
1890	1
1891	3
1892	3
1893	4
1894	1
1895	1
1896	3
1897	4
1898	6
1899	2
1900	5
1901	2
1902	2
1903	6
1904	1
1905	5
1906	1
1907	1
1908	3
1909	0
1910	1
1911	3
1912	2
1913	4
1914	3
1915	0
1916	0
1917	1
1918	1
1919	0
1920	0
1921	3
1922	3
1923	1
1924	1
1925	5
1926	5
1927	1
1928	1
1929	1
1930	5
1931	4
1932	5
1933	2
1934	4
1935	1
1936	4
1937	2
1938	3
1939	4
1940	1
1941	1
1942	2
1943	0
1944	1
1945	2
1946	1
1947	1
1948	3
1949	3
1950	4
1951	5
1952	1
1953	5
1954	3
1955	5
1956	2
1957	2
1958	5
1959	2
1960	3
1961	0
1962	2
1963	3
1964	2
1965	4
1966	1
1967	0
1968	0
1969	5
1970	2
1971	0
1972	1
1973	1
1974	1
1975	3
1976	0
1977	1
1978	4
1979	5
1980	3
1981	5
1982	3
1983	3
1984	3
1985	2
1986	3
1987	1
1988	3
1989	2
1990	4
1991	3
1992	2
1993	0
1994	1
1995	2
1996	3
1997	3
1998	0
1999	3
2000	1
2001	3
2002	1
2003	2
2004	2
2005	1
2006	3
2007	0
2008	5
2009	3
2010	4
2011	5
2012	1
2013	3
2014	0
2015	1
2016	3
2017	2
2018	3
2019	2
2020	1
2021	2
2022	5
2023	2
2024	4
2025	5
2026	2
2027	0
2028	3
2029	2
2030	1
2031	2
2032	3
2033	1
2034	0
2035	2
2036	3
2037	2
2038	2
2039	4
2040	2
2041	3
2042	2
2043	2
2044	1
2045	0
2046	2
2047	3
2048	4
2049	3
2050	4
2051	1
2052	0
2053	1
2054	1
2055	6
2056	3
2057	2
2058	3
2059	2
2060	2
2061	3
2062	3
2063	2
2064	1
2065	4
2066	1
2067	2
2068	2
2069	1
2070	2
2071	5
2072	1
2073	2
2074	4
2075	4
2076	3
2077	1
2078	1
2079	2
2080	2
2081	1
2082	1
2083	1
2084	1
2085	3
2086	3
2087	2
2088	4
2089	4
2090	1
2091	3
2092	1
2093	0
2094	2
2095	1
2096	6
2097	2
2098	3
2099	0
2100	5
2101	3
2102	1
2103	1
2104	1
2105	2
2106	1
2107	4
2108	1
2109	3
2110	1
2111	3
2112	3
2113	1
2114	2
2115	5
2116	2
2117	3
2118	1
2119	2
2120	1
2121	3
2122	2
2123	2
2124	3
2125	2
2126	4
2127	2
2128	0
2129	2
2130	1
2131	2
2132	2
2133	2
2134	2
2135	1
2136	3
2137	1
2138	0
2139	3
2140	0
2141	2
2142	1
2143	0
2144	1
2145	1
2146	2
2147	2
2148	2
2149	2
2150	1
2151	1
2152	1
2153	0
2154	2
2155	2
2156	2
2157	2
2158	0
2159	1
2160	0
2161	1
2162	4
2163	0
2164	6
2165	1
2166	5
2167	1
2168	4
2169	2
2170	1
2171	1
2172	4
2173	3
2174	2
2175	1
2176	2
2177	1
2178	0
2179	0
2180	2
2181	2
2182	2
2183	2
2184	1
2185	1
2186	2
2187	4
2188	4
2189	2
2190	1
2191	4
2192	0
2193	2
2194	2
2195	0
2196	2
2197	1
2198	2
2199	2
2200	0
2201	4
2202	3
2203	1
2204	2
2205	5
2206	2
2207	1
2208	2
2209	0
2210	3
2211	5
2212	0
2213	3
2214	3
2215	0
2216	2
2217	2
2218	4
2219	5
2220	2
2221	7
2222	1
2223	3
2224	2
2225	0
2226	1
2227	3
2228	1
2229	1
2230	2
2231	2
2232	0
2233	2
2234	2
2235	4
2236	0
2237	2
2238	1
2239	1
2240	0
2241	2
2242	2
2243	0
2244	4
2245	2
2246	3
2247	2
2248	0
2249	1
2250	3
2251	1
2252	1
2253	1
2254	4
2255	2
2256	2
2257	2
2258	2
2259	0
2260	1
2261	2
2262	2
2263	2
2264	3
2265	2
2266	6
2267	1
2268	0
2269	2
2270	0
2271	2
2272	0
2273	2
2274	1
2275	1
2276	1
2277	1
2278	2
2279	1
2280	1
2281	2
2282	2
2283	1
2284	1
2285	2
2286	0
2287	1
2288	2
2289	2
2290	2
2291	0
2292	1
2293	0
2294	2
2295	2
2296	2
2297	2
2298	2
2299	3
2300	1
2301	1
2302	3
2303	0
2304	1
2305	4
2306	0
2307	0
2308	0
2309	4
2310	1
2311	3
2312	3
2313	3
2314	2
2315	3
2316	5
2317	0
2318	3
2319	2
2320	2
2321	2
2322	4
2323	3
2324	3
2325	1
2326	1
2327	0
2328	3
2329	0
2330	3
2331	0
2332	1
2333	1
2334	3
2335	2
2336	1
2337	4
2338	0
2339	0
2340	1
2341	2
2342	0
2343	2
2344	3
2345	4
2346	2
2347	2
2348	2
2349	1
2350	2
2351	2
2352	0
2353	1
2354	2
2355	2
2356	2
2357	1
2358	2
2359	2
2360	0
2361	1
2362	4
2363	1
2364	2
2365	1
2366	2
2367	3
2368	0
2369	1
2370	1
2371	1
2372	4
2373	2
2374	1
2375	0
2376	1
2377	0
2378	4
2379	3
2380	3
2381	1
2382	1
2383	2
2384	2
2385	2
2386	0
2387	2
2388	4
2389	1
2390	3
2391	5
2392	0
2393	3
2394	3
2395	3
2396	0
2397	1
2398	3
2399	0
2400	2
2401	0
2402	1
2403	1
2404	2
2405	3
2406	3
2407	4
2408	2
2409	3
2410	1
2411	0
2412	1
2413	3
2414	2
2415	4
2416	1
2417	0
2418	2
2419	3
2420	3
2421	4
2422	1
2423	0
2424	0
2425	3
2426	0
2427	1
2428	2
2429	2
2430	2
2431	1
2432	3
2433	1
2434	5
2435	1
2436	1
2437	1
2438	2
2439	3
2440	4
2441	1
2442	2
2443	1
2444	1
2445	2
2446	3
2447	6
2448	1
2449	0
2450	0
2451	1
2452	2
2453	3
2454	0
2455	1
2456	0
2457	0
2458	1
2459	2
2460	0
2461	2
2462	1
2463	1
2464	2
2465	0
2466	1
2467	2
2468	5
2469	1
2470	2
2471	3
2472	3
2473	1
2474	0
2475	3
2476	1
2477	3
2478	0
2479	3
2480	1
2481	1
2482	1
2483	2
2484	2
2485	3
2486	1
2487	1
2488	2
2489	0
2490	1
2491	2
2492	1
2493	1
2494	1
2495	0
2496	1
2497	1
2498	2
2499	0
2500	1
2501	1
2502	1
2503	1
2504	0
2505	2
2506	2
2507	1
2508	0
2509	1
2510	0
2511	1
2512	0
2513	0
2514	0
2515	4
2516	2
2517	1
2518	2
2519	0
2520	2
2521	5
2522	2
2523	3
2524	0
2525	1
2526	3
2527	2
2528	2
2529	0
2530	3
2531	0
2532	2
2533	1
2534	1
2535	1
2536	1
2537	2
2538	4
2539	0
2540	1
2541	0
2542	0
2543	2
2544	3
2545	2
2546	3
2547	0
2548	1
2549	0
2550	2
2551	0
2552	3
2553	0
2554	1
2555	0
2556	3
2557	3
2558	2
2559	1
2560	3
2561	5
2562	1
2563	0
2564	1
2565	0
2566	2
2567	1
2568	0
2569	0
2570	5
2571	0
2572	1
2573	1
2574	1
2575	1
2576	1
2577	0
2578	1
2579	1
2580	1
2581	0
2582	3
2583	1
2584	3
2585	3
2586	2
2587	0
2588	1
2589	0
2590	2
2591	0
2592	2
2593	0
2594	0
2595	0
2596	0
2597	1
2598	2
2599	2
2600	2
2601	0
2602	2
2603	0
2604	1
2605	1
2606	1
2607	0
2608	3
2609	0
2610	0
2611	1
2612	1
2613	0
2614	1
2615	0
2616	0
2617	0
2618	0
2619	2
2620	1
2621	4
2622	1
2623	0
2624	1
2625	1
2626	1
2627	1
2628	0
2629	1
2630	1
2631	0
2632	0
2633	1
2634	1
2635	2
2636	1
2637	4
2638	1
2639	1
2640	2
2641	4
2642	4
2643	2
2644	3
2645	5
2646	3
2647	3
2648	5
2649	1
2650	3
2651	7
2652	4
2653	2
2654	3
2655	3
2656	4
2657	5
2658	3
2659	3
2660	1
2661	2
2662	3
2663	1
2664	2
2665	0
2666	0
2667	3
2668	0
2669	0
2670	1
2671	1
2672	3
2673	1
2674	3
2675	2
2676	0
2677	1
2678	0
2679	0
2680	2
2681	0
2682	0
2683	1
2684	0
2685	3
2686	2
2687	1
2688	0
2689	2
2690	3
2691	0
2692	1
2693	0
2694	2
2695	1
2696	1
2697	1
2698	2
2699	1
2700	3
2701	1
2702	4
2703	1
2704	0
2705	1
2706	0
2707	4
2708	2
2709	0
2710	2
2711	3
2712	3
2713	1
2714	3
2715	2
2716	0
2717	2
2718	2
2719	3
2720	0
2721	3
2722	2
2723	0
2724	1
2725	3
2726	0
2727	4
2728	3
2729	1
2730	1
2731	2
2732	0
2733	2
2734	1
2735	2
2736	1
2737	2
2738	2
2739	2
2740	0
2741	1
2742	1
2743	0
2744	3
2745	4
2746	0
2747	1
2748	1
2749	1
2750	0
2751	0
2752	6
2753	1
2754	0
2755	1
2756	0
2757	2
2758	4
2759	2
2760	0
2761	2
2762	0
2763	3
2764	3
2765	0
2766	0
2767	2
2768	2
2769	1
2770	5
2771	0
2772	5
2773	2
2774	0
2775	0
2776	0
2777	0
2778	1
2779	0
2780	1
2781	0
2782	3
2783	0
2784	3
2785	0
2786	1
2787	0
2788	0
2789	1
2790	0
2791	1
2792	1
2793	4
2794	2
2795	2
2796	1
2797	2
2798	1
2799	4
2800	1
2801	2
2802	1
2803	1
2804	1
2805	2
2806	0
2807	3
2808	1
2809	0
2810	2
2811	0
2812	1
2813	1
2814	1
2815	0
2816	0
2817	3
2818	0
2819	2
2820	1
2821	1
2822	4
2823	2
2824	0
2825	1
2826	2
2827	1
2828	1
2829	5
2830	1
2831	1
2832	1
2833	2
2834	2
2835	3
2836	0
2837	0
2838	0
2839	1
2840	1
2841	2
2842	2
2843	0
2844	2
2845	0
2846	3
2847	1
2848	0
2849	2
2850	1
2851	2
2852	0
2853	1
2854	0
2855	1
2856	2
2857	3
2858	0
2859	2
2860	4
2861	0
2862	1
2863	1
2864	0
2865	0
2866	3
2867	1
2868	2
2869	1
2870	0
2871	0
2872	1
2873	0
2874	2
2875	2
2876	0
2877	1
2878	1
2879	1
2880	3
2881	0
2882	2
2883	3
2884	0
2885	5
2886	1
2887	1
2888	4
2889	1
2890	1
2891	0
2892	0
2893	0
2894	1
2895	0
2896	1
2897	2
2898	1
2899	0
2900	2
2901	2
2902	1
2903	0
2904	3
2905	0
2906	0
2907	2
2908	1
2909	2
2910	0
2911	0
2912	1
2913	0
2914	0
2915	1
2916	0
2917	2
2918	1
2919	1
2920	1
2921	2
2922	0
2923	3
2924	2
2925	1
2926	0
2927	1
2928	0
2929	2
2930	1
2931	0
2932	0
2933	1
2934	1
2935	0
2936	3
2937	2
2938	2
2939	1
2940	1
2941	0
2942	0
2943	0
2944	3
2945	0
2946	1
2947	2
2948	0
2949	2
2950	1
2951	0
2952	1
2953	2
2954	1
2955	0
2956	0
2957	1
2958	0
2959	1
2960	0
2961	0
2962	0
2963	0
2964	0
2965	0
2966	1
2967	1
2968	3
2969	0
2970	1
2971	4
2972	1
2973	1
2974	0
2975	1
2976	1
2977	1
2978	2
2979	2
2980	1
2981	1
2982	0
2983	1
2984	2
2985	1
2986	2
2987	0
2988	3
2989	2
2990	1
2991	2
2992	1
2993	0
2994	0
2995	0
2996	3
2997	4
2998	1
2999	1
3000	1
3001	0
3002	0
3003	1
3004	0
3005	2
3006	1
3007	2
3008	2
3009	1
3010	0
3011	2
3012	1
3013	0
3014	0
3015	1
3016	3
3017	1
3018	1
3019	0
3020	1
3021	1
3022	0
3023	6
3024	2
3025	2
3026	4
3027	4
3028	4
3029	3
3030	2
3031	8
3032	2
3033	2
3034	3
3035	2
3036	4
3037	3
3038	1
3039	3
3040	1
3041	0
3042	2
3043	0
3044	1
3045	0
3046	0
3047	3
3048	0
3049	0
3050	2
3051	1
3052	1
3053	0
3054	0
3055	1
3056	2
3057	0
3058	0
3059	0
3060	1
3061	0
3062	4
3063	1
3064	1
3065	2
3066	2
3067	1
3068	2
3069	0
3070	0
3071	1
3072	1
3073	0
3074	1
3075	0
3076	3
3077	0
3078	1
3079	3
3080	3
3081	2
3082	1
3083	1
3084	1
3085	0
3086	1
3087	1
3088	1
3089	0
3090	1
3091	0
3092	2
3093	2
3094	0
3095	1
3096	2
3097	1
3098	0
3099	1
3100	1
3101	1
3102	1
3103	1
3104	1
3105	1
3106	1
3107	0
3108	2
3109	1
3110	0
3111	0
3112	0
3113	0
3114	0
3115	1
3116	1
3117	2
3118	1
3119	2
3120	0
3121	1
3122	1
3123	1
3124	4
3125	2
3126	2
3127	2
3128	1
3129	1
3130	0
3131	0
3132	5
3133	0
3134	0
3135	1
3136	0
3137	0
3138	3
3139	2
3140	0
3141	2
3142	0
3143	1
3144	4
3145	0
3146	3
3147	2
3148	2
3149	2
3150	0
3151	3
3152	1
3153	2
3154	0
3155	1
3156	3
3157	0
3158	2
3159	1
3160	2
3161	3
3162	1
3163	6
3164	3
3165	4
3166	1
3167	4
3168	3
3169	4
3170	6
3171	5
3172	5
3173	1
3174	2
3175	1
3176	0
3177	0
3178	1
3179	2
3180	0
3181	1
3182	1
3183	2
3184	0
3185	2
3186	1
3187	2
3188	1
3189	2
3190	2
3191	1
3192	0
3193	0
3194	2
3195	1
3196	1
3197	0
3198	1
3199	1
3200	0
3201	1
3202	0
3203	1
3204	2
3205	1
3206	1
3207	1
3208	2
3209	1
3210	1
3211	0
3212	1
3213	0
3214	3
3215	1
3216	0
3217	0
3218	2
3219	2
3220	1
3221	1
3222	0
3223	1
3224	1
3225	0
3226	2
3227	1
3228	1
3229	3
3230	1
3231	3
3232	1
3233	1
3234	0
3235	0
3236	1
3237	0
3238	1
3239	2
3240	0
3241	2
3242	3
3243	1
3244	2
3245	2
3246	1
3247	2
3248	0
3249	0
3250	0
3251	1
3252	0
3253	2
3254	1
3255	2
3256	0
3257	2
3258	0
3259	2
3260	0
3261	0
3262	1
3263	0
3264	1
3265	1
3266	1
3267	0
3268	0
3269	0
3270	0
3271	1
3272	0
3273	0
3274	1
3275	0
3276	1
3277	0
3278	0
3279	3
3280	0
3281	2
3282	1
3283	0
3284	1
3285	0
3286	2
3287	0
3288	3
3289	1
3290	1
3291	2
3292	1
3293	1
3294	0
3295	0
3296	0
3297	1
3298	3
3299	0
3300	1
3301	1
3302	1
3303	0
3304	1
3305	1
3306	1
3307	3
3308	1
3309	0
3310	1
3311	0
3312	1
3313	1
3314	3
3315	0
3316	1
3317	1
3318	0
3319	1
3320	0
3321	1
3322	2
3323	0
3324	0
3325	0
3326	0
3327	0
3328	3
3329	0
3330	0
3331	0
3332	1
3333	0
3334	1
3335	0
3336	2
3337	1
3338	0
3339	2
3340	0
3341	0
3342	0
3343	1
3344	0
3345	1
3346	2
3347	2
3348	2
3349	1
3350	1
3351	2
3352	1
3353	0
3354	1
3355	1
3356	0
3357	0
3358	0
3359	1
3360	0
3361	0
3362	0
3363	1
3364	1
3365	0
3366	1
3367	4
3368	1
3369	0
3370	2
3371	1
3372	2
3373	0
3374	1
3375	2
3376	1
3377	1
3378	0
3379	2
3380	2
3381	0
3382	2
3383	0
3384	1
3385	0
3386	0
3387	1
3388	0
3389	2
3390	0
3391	1
3392	2
3393	1
3394	0
3395	1
3396	1
3397	0
3398	0
3399	0
3400	2
3401	1
3402	4
3403	0
3404	1
3405	1
3406	2
3407	0
3408	2
3409	2
3410	1
3411	3
3412	1
3413	1
3414	0
3415	3
3416	1
3417	0
3418	2
3419	2
3420	1
3421	1
3422	1
3423	1
3424	0
3425	0
3426	2
3427	1
3428	1
3429	3
3430	3
3431	1
3432	3
3433	7
3434	4
3435	1
3436	6
3437	4
3438	10
3439	15
3440	8
3441	11
3442	9
3443	8
3444	17
3445	11
3446	7
3447	3
3448	9
3449	6
3450	4
3451	4
3452	3
3453	1
3454	0
3455	0
3456	1
3457	3
3458	1
3459	1
3460	1
3461	3
3462	3
3463	0
3464	3
3465	0
3466	1
3467	0
3468	2
3469	0
3470	3
3471	0
3472	0
3473	1
3474	0
3475	0
3476	0
3477	0
3478	3
3479	2
3480	2
3481	0
3482	0
3483	0
3484	1
3485	2
3486	0
3487	2
3488	0
3489	0
3490	1
3491	1
3492	1
3493	3
3494	1
3495	0
3496	1
3497	1
3498	0
3499	3
3500	1
3501	0
3502	0
3503	1
3504	1
3505	2
3506	0
3507	0
3508	1
3509	0
3510	0
3511	2
3512	1
3513	0
3514	2
3515	0
3516	2
3517	1
3518	0
3519	1
3520	1
3521	1
3522	1
3523	1
3524	1
3525	0
3526	2
3527	0
3528	0
3529	1
3530	1
3531	0
3532	1
3533	0
3534	1
3535	0
3536	0
3537	0
3538	1
3539	2
3540	0
3541	1
3542	0
3543	1
3544	1
3545	0
3546	1
3547	3
3548	0
3549	1
3550	0
3551	0
3552	2
3553	0
3554	1
3555	0
3556	2
3557	0
3558	2
3559	2
3560	1
3561	2
3562	1
3563	0
3564	1
3565	1
3566	2
3567	2
3568	0
3569	1
3570	0
3571	1
3572	2
3573	0
3574	1
3575	1
3576	0
3577	0
3578	1
3579	1
3580	0
3581	0
3582	1
3583	1
3584	0
3585	0
3586	0
3587	0
3588	0
3589	3
3590	2
3591	0
3592	0
3593	0
3594	0
3595	1
3596	0
3597	5
3598	1
3599	1
3600	1
3601	0
3602	0
3603	0
3604	2
3605	1
3606	0
3607	2
3608	1
3609	0
3610	0
3611	1
3612	0
3613	2
3614	0
3615	1
3616	1
3617	2
3618	1
3619	1
3620	2
3621	0
3622	0
3623	4
3624	0
3625	0
3626	0
3627	2
3628	1
3629	1
3630	0
3631	1
3632	2
3633	1
3634	0
3635	1
3636	0
3637	1
3638	1
3639	1
3640	1
3641	0
3642	0
3643	0
3644	0
3645	0
3646	2
3647	5
3648	0
3649	0
3650	0
3651	0
3652	0
3653	0
3654	0
3655	0
3656	3
3657	1
3658	0
3659	1
3660	1
3661	1
3662	1
3663	0
3664	2
3665	0
3666	1
3667	0
3668	4
3669	0
3670	2
3671	0
3672	0
3673	2
3674	0
3675	1
3676	0
3677	0
3678	1
3679	1
3680	0
3681	1
3682	4
3683	0
3684	2
3685	2
3686	0
3687	4
3688	0
3689	0
3690	0
3691	0
3692	0
3693	1
3694	1
3695	0
3696	0
3697	1
3698	0
3699	1
3700	1
3701	0
3702	2
3703	0
3704	0
3705	2
3706	0
3707	1
3708	2
3709	0
3710	0
3711	0
3712	0
3713	0
3714	2
3715	1
3716	2
3717	2
3718	0
3719	1
3720	1
3721	0
3722	0
3723	1
3724	1
3725	0
3726	1
3727	0
3728	2
3729	0
3730	1
3731	1
3732	1
3733	0
3734	2
3735	0
3736	0
3737	0
3738	0
3739	1
3740	1
3741	0
3742	0
3743	0
3744	1
3745	1
3746	0
3747	2
3748	2
3749	1
3750	1
3751	0
3752	1
3753	1
3754	1
3755	0
3756	1
3757	1
3758	1
3759	0
3760	0
3761	0
3762	1
3763	0
3764	1
3765	1
3766	2
3767	1
3768	0
3769	2
3770	0
3771	0
3772	0
3773	5
3774	1
3775	2
3776	2
3777	2
3778	0
3779	1
3780	2
3781	2
3782	1
3783	1
3784	1
3785	3
3786	1
3787	0
3788	0
3789	2
3790	0
3791	2
3792	1
3793	0
3794	1
3795	2
3796	2
3797	0
3798	1
3799	1
3800	2
3801	0
3802	1
3803	1
3804	0
3805	0
3806	2
3807	0
3808	1
3809	0
3810	0
3811	1
3812	2
3813	0
3814	0
3815	0
3816	1
3817	5
3818	1
3819	1
3820	0
3821	0
3822	1
3823	1
3824	1
3825	1
3826	0
3827	0
3828	1
3829	1
3830	1
3831	1
3832	1
3833	1
3834	0
3835	2
3836	0
3837	2
3838	3
3839	1
3840	0
3841	0
3842	0
3843	0
3844	1
3845	0
3846	0
3847	1
3848	2
3849	2
3850	0
3851	0
3852	0
3853	0
3854	1
3855	2
3856	1
3857	2
3858	0
3859	0
3860	1
3861	0
3862	1
3863	1
3864	1
3865	0
3866	1
3867	1
3868	1
3869	1
3870	1
3871	0
3872	0
3873	1
3874	1
3875	1
3876	4
3877	1
3878	1
3879	0
3880	0
3881	0
3882	0
3883	0
3884	1
3885	0
3886	0
3887	0
3888	0
3889	0
3890	3
3891	1
3892	0
3893	0
3894	1
3895	1
3896	0
3897	1
3898	1
3899	0
3900	1
3901	1
3902	1
3903	1
3904	1
3905	1
3906	0
3907	1
3908	1
3909	2
3910	1
3911	1
3912	0
3913	0
3914	1
3915	0
3916	1
3917	2
3918	1
3919	1
3920	2
3921	1
3922	0
3923	1
3924	0
3925	0
3926	1
3927	0
3928	0
3929	1
3930	1
3931	0
3932	1
3933	1
3934	0
3935	0
3936	0
3937	1
3938	1
3939	1
3940	1
3941	1
3942	0
3943	0
3944	2
3945	2
3946	0
3947	1
3948	1
3949	1
3950	1
3951	0
3952	1
3953	0
3954	1
3955	0
3956	1
3957	0
3958	1
3959	0
3960	0
3961	0
3962	0
3963	0
3964	2
3965	1
3966	0
3967	0
3968	0
3969	0
3970	0
3971	0
3972	0
3973	1
3974	2
3975	1
3976	0
3977	1
3978	1
3979	1
3980	1
3981	2
3982	1
3983	0
3984	1
3985	0
3986	1
3987	0
3988	3
3989	0
3990	0
3991	1
3992	0
3993	0
3994	2
3995	0
3996	2
3997	0
3998	1
3999	0
4000	0
4001	1
4002	1
4003	3
4004	0
4005	0
4006	1
4007	0
4008	0
4009	0
4010	0
4011	1
4012	0
4013	0
4014	0
4015	0
4016	1
4017	0
4018	0
4019	1
4020	0
4021	0
4022	3
4023	2
4024	0
4025	2
4026	1
4027	0
4028	2
4029	1
4030	1
4031	0
4032	1
4033	1
4034	2
4035	0
4036	0
4037	0
4038	2
4039	2
4040	0
4041	1
4042	2
4043	0
4044	0
4045	0
4046	1
4047	0
4048	1
4049	2
4050	2
4051	0
4052	0
4053	1
4054	0
4055	1
4056	0
4057	0
4058	0
4059	0
4060	0
4061	0
4062	1
4063	1
4064	0
4065	1
4066	1
4067	1
4068	0
4069	2
4070	0
4071	0
4072	0
4073	0
4074	0
4075	1
4076	3
4077	1
4078	1
4079	0
4080	0
4081	0
4082	2
4083	1
4084	1
4085	0
4086	2
4087	0
4088	1
4089	1
4090	1
4091	2
4092	2
4093	0
4094	1
4095	1
4096	1
4097	0
4098	1
4099	0
4100	1
4101	0
4102	1
4103	0
4104	1
4105	0
4106	1
4107	0
4108	0
4109	2
4110	0
4111	2
4112	0
4113	0
4114	1
4115	0
4116	0
4117	1
4118	1
4119	0
4120	0
4121	2
4122	1
4123	0
4124	0
4125	0
4126	0
4127	1
4128	2
4129	1
4130	0
4131	0
4132	2
4133	0
4134	0
4135	0
4136	3
4137	1
4138	1
4139	0
4140	1
4141	3
4142	2
4143	1
4144	0
4145	0
4146	1
4147	1
4148	0
4149	1
4150	0
4151	1
4152	2
4153	1
4154	0
4155	0
4156	0
4157	0
4158	0
4159	0
4160	1
4161	1
4162	2
4163	1
4164	0
4165	0
4166	0
4167	1
4168	0
4169	1
4170	1
4171	1
4172	2
4173	0
4174	1
4175	1
4176	0
4177	0
4178	0
4179	0
4180	0
4181	1
4182	1
4183	0
4184	1
4185	1
4186	0
4187	0
4188	1
4189	1
4190	0
4191	0
4192	0
4193	2
4194	0
4195	0
4196	0
4197	2
4198	3
4199	1
4200	0
4201	0
4202	1
4203	3
4204	0
4205	0
4206	1
4207	1
4208	0
4209	0
4210	1
4211	1
4212	0
4213	1
4214	1
4215	0
4216	0
4217	0
4218	1
4219	0
4220	1
4221	0
4222	0
4223	0
4224	0
4225	0
4226	0
4227	1
4228	3
4229	0
4230	1
4231	0
4232	1
4233	0
4234	0
4235	2
4236	2
4237	2
4238	0
4239	1
4240	0
4241	1
4242	1
4243	0
4244	1
4245	1
4246	0
4247	2
4248	0
4249	0
4250	1
4251	0
4252	0
4253	1
4254	1
4255	1
4256	1
4257	0
4258	1
4259	0
4260	2
4261	0
4262	0
4263	0
4264	0
4265	1
4266	1
4267	0
4268	1
4269	0
4270	0
4271	0
4272	1
4273	0
4274	2
4275	1
4276	0
4277	0
4278	2
4279	1
4280	0
4281	1
4282	3
4283	0
4284	1
4285	0
4286	1
4287	0
4288	2
4289	0
4290	0
4291	0
4292	2
4293	0
4294	0
4295	0
4296	0
4297	0
4298	1
4299	0
4300	1
4301	1
4302	0
4303	0
4304	0
4305	1
4306	3
4307	0
4308	1
4309	0
4310	0
4311	0
4312	0
4313	0
4314	0
4315	2
4316	0
4317	0
4318	1
4319	1
4320	0
4321	0
4322	0
4323	0
4324	1
4325	1
4326	2
4327	2
4328	0
4329	1
4330	0
4331	1
4332	0
4333	1
4334	1
4335	0
4336	1
4337	2
4338	1
4339	1
4340	0
4341	0
4342	1
4343	0
4344	0
4345	0
4346	3
4347	1
4348	1
4349	0
4350	0
4351	3
4352	1
4353	0
4354	0
4355	0
4356	1
4357	1
4358	0
4359	0
4360	1
4361	1
4362	1
4363	0
4364	0
4365	1
4366	3
4367	2
4368	2
4369	1
4370	1
4371	1
4372	0
4373	0
4374	1
4375	2
4376	1
4377	0
4378	1
4379	0
4380	1
4381	0
4382	1
4383	0
4384	1
4385	1
4386	1
4387	0
4388	2
4389	0
4390	2
4391	1
4392	1
4393	1
4394	1
4395	0
4396	2
4397	0
4398	2
4399	4
4400	1
4401	0
4402	1
4403	0
4404	0
4405	0
4406	1
4407	2
4408	0
4409	0
4410	0
4411	0
4412	0
4413	0
4414	1
4415	2
4416	1
4417	1
4418	0
4419	0
4420	1
4421	0
4422	1
4423	1
4424	0
4425	0
4426	1
4427	1
4428	0
4429	1
4430	1
4431	1
4432	0
4433	1
4434	0
4435	3
4436	0
4437	0
4438	0
4439	0
4440	1
4441	0
4442	0
4443	1
4444	0
4445	0
4446	0
4447	0
4448	1
4449	1
4450	1
4451	0
4452	1
4453	0
4454	1
4455	1
4456	0
4457	1
4458	1
4459	3
4460	0
4461	0
4462	1
4463	1
4464	0
4465	0
4466	1
4467	0
4468	0
4469	0
4470	0
4471	0
4472	0
4473	1
4474	0
4475	1
4476	1
4477	0
4478	0
4479	0
4480	0
4481	0
4482	0
4483	1
4484	1
4485	0
4486	2
4487	1
4488	0
4489	0
4490	0
4491	1
4492	1
4493	0
4494	0
4495	1
4496	1
4497	0
4498	0
4499	1
4500	0
4501	0
4502	0
4503	0
4504	0
4505	0
4506	1
4507	1
4508	3
4509	0
4510	0
4511	0
4512	1
4513	0
4514	0
4515	0
4516	0
4517	1
4518	0
4519	0
4520	0
4521	0
4522	1
4523	0
4524	0
4525	0
4526	1
4527	0
4528	2
4529	0
4530	1
4531	1
4532	0
4533	0
4534	0
4535	1
4536	0
4537	1
4538	0
4539	0
4540	1
4541	0
4542	0
4543	0
4544	0
4545	0
4546	0
4547	1
4548	0
4549	0
4550	0
4551	0
4552	0
4553	0
4554	1
4555	0
4556	2
4557	1
4558	0
4559	1
4560	2
4561	1
4562	0
4563	1
4564	2
4565	1
4566	0
4567	0
4568	1
4569	0
4570	1
4571	0
4572	1
4573	1
4574	1
4575	0
4576	1
4577	0
4578	0
4579	0
4580	0
4581	1
4582	0
4583	0
4584	1
4585	0
4586	0
4587	0
4588	0
4589	1
4590	0
4591	0
4592	0
4593	1
4594	0
4595	1
4596	0
4597	0
4598	0
4599	1
4600	0
4601	2
4602	1
4603	2
4604	0
4605	1
4606	1
4607	0
4608	0
4609	0
4610	0
4611	0
4612	2
4613	0
4614	1
4615	1
4616	1
4617	0
4618	0
4619	0
4620	1
4621	0
4622	0
4623	0
4624	1
4625	2
4626	0
4627	0
4628	1
4629	1
4630	0
4631	0
4632	0
4633	0
4634	0
4635	2
4636	1
4637	0
4638	2
4639	0
4640	0
4641	2
4642	1
4643	1
4644	0
4645	0
4646	0
4647	1
4648	1
4649	0
4650	0
4651	0
4652	1
4653	2
4654	0
4655	1
4656	1
4657	0
4658	0
4659	1
4660	1
4661	0
4662	2
4663	0
4664	0
4665	3
4666	0
4667	0
4668	1
4669	0
4670	0
4671	0
4672	1
4673	0
4674	1
4675	0
4676	0
4677	0
4678	0
4679	1
4680	0
4681	2
4682	1
4683	0
4684	0
4685	1
4686	0
4687	2
4688	0
4689	0
4690	0
4691	1
4692	0
4693	0
4694	2
4695	0
4696	1
4697	1
4698	0
4699	2
4700	0
4701	0
4702	0
4703	0
4704	0
4705	0
4706	0
4707	1
4708	2
4709	0
4710	3
4711	0
4712	0
4713	1
4714	1
4715	0
4716	0
4717	0
4718	0
4719	0
4720	0
4721	1
4722	1
4723	1
4724	1
4725	2
4726	0
4727	2
4728	1
4729	1
4730	0
4731	1
4732	0
4733	1
4734	1
4735	1
4736	1
4737	0
4738	1
4739	2
4740	2
4741	2
4742	0
4743	4
4744	0
4745	5
4746	2
4747	4
4748	1
4749	0
4750	4
4751	2
4752	1
4753	2
4754	1
4755	2
4756	4
4757	1
4758	0
4759	1
4760	2
4761	0
4762	0
4763	0
4764	2
4765	1
4766	1
4767	0
4768	1
4769	0
4770	1
4771	0
4772	0
4773	0
4774	1
4775	0
4776	1
4777	0
4778	2
4779	0
4780	0
4781	1
4782	0
4783	0
4784	0
4785	0
4786	1
4787	0
4788	1
4789	1
4790	1
4791	0
4792	0
4793	0
4794	0
4795	0
4796	0
4797	0
4798	1
4799	2
4800	1
4801	1
4802	1
4803	1
4804	0
4805	1
4806	1
4807	1
4808	2
4809	0
4810	2
4811	2
4812	0
4813	1
4814	2
4815	0
4816	0
4817	0
4818	0
4819	1
4820	0
4821	1
4822	1
4823	0
4824	2
4825	0
4826	0
4827	2
4828	0
4829	0
4830	0
4831	1
4832	1
4833	0
4834	1
4835	0
4836	0
4837	0
4838	1
4839	0
4840	0
4841	0
4842	2
4843	0
4844	1
4845	3
4846	1
4847	1
4848	0
4849	0
4850	0
4851	2
4852	0
4853	0
4854	0
4855	1
4856	0
4857	0
4858	0
4859	0
4860	0
4861	0
4862	0
4863	0
4864	0
4865	0
4866	1
4867	1
4868	1
4869	0
4870	0
4871	0
4872	2
4873	1
4874	0
4875	1
4876	0
4877	1
4878	2
4879	1
4880	0
4881	0
4882	0
4883	0
4884	0
4885	0
4886	1
4887	0
4888	0
4889	0
4890	0
4891	0
4892	1
4893	0
4894	1
4895	2
4896	0
4897	0
4898	0
4899	0
4900	0
4901	0
4902	1
4903	3
4904	0
4905	0
4906	1
4907	0
4908	0
4909	1
4910	0
4911	0
4912	0
4913	0
4914	0
4915	0
4916	1
4917	1
4918	1
4919	0
4920	0
4921	0
4922	0
4923	0
4924	1
4925	0
4926	3
4927	1
4928	0
4929	0
4930	1
4931	1
4932	0
4933	0
4934	1
4935	1
4936	1
4937	2
4938	1
4939	2
4940	1
4941	1
4942	0
4943	0
4944	1
4945	0
4946	2
4947	1
4948	0
4949	0
4950	0
4951	1
4952	1
4953	1
4954	0
4955	0
4956	0
4957	1
4958	0
4959	0
4960	1
4961	0
4962	0
4963	1
4964	1
4965	0
4966	0
4967	1
4968	0
4969	2
4970	1
4971	0
4972	0
4973	1
4974	1
4975	0
4976	1
4977	0
4978	0
4979	0
4980	1
4981	0
4982	0
4983	1
4984	2
4985	3
4986	2
4987	1
4988	0
4989	0
4990	0
4991	0
4992	0
4993	1
4994	0
4995	1
4996	0
4997	1
4998	0
4999	0
5000	0
5001	0
5002	0
5003	0
5004	1
5005	0
5006	2
5007	1
5008	0
5009	0
5010	0
5011	0
5012	1
5013	1
5014	0
5015	0
5016	1
5017	0
5018	2
5019	0
5020	1
5021	0
5022	0
5023	1
5024	0
5025	1
5026	0
5027	0
5028	1
5029	1
5030	1
5031	0
5032	0
5033	0
5034	0
5035	2
5036	1
5037	0
5038	2
5039	1
5040	4
5041	1
5042	0
5043	0
5044	0
5045	0
5046	0
5047	1
5048	1
5049	4
5050	1
5051	1
5052	2
5053	2
5054	1
5055	4
5056	2
5057	1
5058	0
5059	2
5060	2
5061	1
5062	1
5063	1
5064	0
5065	1
5066	1
5067	0
5068	1
5069	1
5070	0
5071	0
5072	0
5073	1
5074	0
5075	0
5076	0
5077	1
5078	0
5079	0
5080	1
5081	2
5082	0
5083	0
5084	0
5085	2
5086	0
5087	0
5088	2
5089	0
5090	1
5091	1
5092	0
5093	0
5094	0
5095	0
5096	2
5097	0
5098	0
5099	1
5100	0
5101	0
5102	0
5103	2
5104	0
5105	0
5106	0
5107	0
5108	0
5109	2
5110	0
5111	0
5112	0
5113	4
5114	0
5115	1
5116	0
5117	0
5118	0
5119	0
5120	0
5121	1
5122	1
5123	0
5124	1
5125	0
5126	1
5127	0
5128	0
5129	0
5130	0
5131	2
5132	0
5133	0
5134	1
5135	0
5136	2
5137	0
5138	1
5139	1
5140	2
5141	0
5142	1
5143	1
5144	0
5145	0
5146	1
5147	0
5148	0
5149	0
5150	1
5151	2
5152	1
5153	0
5154	4
5155	0
5156	1
5157	0
5158	1
5159	1
5160	1
5161	0
5162	0
5163	0
5164	1
5165	1
5166	0
5167	0
5168	0
5169	0
5170	0
5171	0
5172	0
5173	0
5174	1
5175	0
5176	2
5177	0
5178	2
5179	1
5180	1
5181	0
5182	1
5183	0
5184	0
5185	0
5186	0
5187	1
5188	0
5189	1
5190	0
5191	0
5192	0
5193	1
5194	0
5195	1
5196	1
5197	0
5198	0
5199	1
5200	1
5201	1
5202	1
5203	0
5204	1
5205	0
5206	0
5207	0
5208	0
5209	0
5210	2
5211	0
5212	1
5213	1
5214	0
5215	0
5216	0
5217	0
5218	1
5219	0
5220	1
5221	0
5222	0
5223	0
5224	1
5225	1
5226	0
5227	0
5228	0
5229	1
5230	0
5231	0
5232	0
5233	1
5234	0
5235	0
5236	0
5237	1
5238	2
5239	1
5240	0
5241	1
5242	1
5243	0
5244	0
5245	1
5246	1
5247	0
5248	0
5249	1
5250	0
5251	0
5252	0
5253	2
5254	1
5255	0
5256	0
5257	0
5258	2
5259	0
5260	0
5261	0
5262	1
5263	1
5264	1
5265	0
5266	0
5267	0
5268	0
5269	0
5270	0
5271	1
5272	1
5273	1
5274	0
5275	0
5276	0
5277	1
5278	1
5279	0
5280	0
5281	0
5282	1
5283	1
5284	1
5285	1
5286	2
5287	0
5288	0
5289	2
5290	3
5291	2
5292	1
5293	1
5294	1
5295	0
5296	2
5297	1
5298	0
5299	1
5300	0
5301	0
5302	0
5303	0
5304	2
5305	0
5306	0
5307	1
5308	2
5309	0
5310	1
5311	0
5312	3
5313	0
5314	0
5315	0
5316	0
5317	0
5318	0
5319	0
5320	0
5321	0
5322	0
5323	1
5324	1
5325	0
5326	0
5327	1
5328	0
5329	0
5330	0
5331	0
5332	0
5333	1
5334	1
5335	0
5336	0
5337	1
5338	1
5339	0
5340	0
5341	0
5342	0
5343	1
5344	0
5345	0
5346	0
5347	0
5348	0
5349	3
5350	0
5351	0
5352	0
5353	1
5354	1
5355	0
5356	0
5357	1
5358	1
5359	0
5360	2
5361	1
5362	0
5363	1
5364	0
5365	2
5366	0
5367	1
5368	0
5369	0
5370	1
5371	2
5372	1
5373	0
5374	0
5375	0
5376	0
5377	1
5378	1
5379	1
5380	0
5381	0
5382	1
5383	1
5384	0
5385	1
5386	0
5387	0
5388	1
5389	0
5390	3
5391	0
5392	0
5393	0
5394	2
5395	0
5396	3
5397	1
5398	1
5399	1
5400	0
5401	0
5402	1
5403	0
5404	0
5405	0
5406	1
5407	0
5408	1
5409	1
5410	0
5411	1
5412	0
5413	0
5414	0
5415	0
5416	2
5417	0
5418	1
5419	0
5420	2
5421	0
5422	0
5423	0
5424	0
5425	0
5426	0
5427	0
5428	1
5429	0
5430	1
5431	0
5432	1
5433	0
5434	0
5435	0
5436	2
5437	1
5438	0
5439	0
5440	1
5441	0
5442	1
5443	1
5444	1
5445	0
5446	1
5447	0
5448	1
5449	0
5450	1
5451	0
5452	0
5453	2
5454	0
5455	0
5456	1
5457	0
5458	0
5459	0
5460	0
5461	2
5462	0
5463	0
5464	0
5465	0
5466	0
5467	0
5468	1
5469	0
5470	0
5471	1
5472	1
5473	0
5474	1
5475	0
5476	1
5477	3
5478	0
5479	0
5480	0
5481	1
5482	0
5483	0
5484	0
5485	0
5486	0
5487	2
5488	1
5489	1
5490	0
5491	0
5492	2
5493	0
5494	1
5495	3
5496	0
5497	0
5498	0
5499	1
5500	3
5501	0
5502	0
5503	1
5504	0
5505	0
5506	0
5507	2
5508	0
5509	0
5510	0
5511	1
5512	1
5513	0
5514	0
5515	4
5516	0
5517	2
5518	1
5519	1
5520	0
5521	0
5522	1
5523	0
5524	0
5525	0
5526	0
5527	1
5528	1
5529	0
5530	2
5531	1
5532	0
5533	0
5534	0
5535	0
5536	0
5537	0
5538	0
5539	1
5540	1
5541	0
5542	0
5543	0
5544	0
5545	1
5546	0
5547	1
5548	0
5549	0
5550	0
5551	0
5552	2
5553	0
5554	1
5555	0
5556	1
5557	2
5558	0
5559	2
5560	0
5561	0
5562	1
5563	1
5564	0
5565	1
5566	0
5567	0
5568	1
5569	0
5570	0
5571	0
5572	0
5573	0
5574	0
5575	0
5576	1
5577	0
5578	1
5579	0
5580	0
5581	0
5582	1
5583	0
5584	1
5585	0
5586	0
5587	0
5588	0
5589	1
5590	2
5591	0
5592	0
5593	0
5594	0
5595	0
5596	0
5597	0
5598	1
5599	0
5600	0
5601	2
5602	1
5603	2
5604	1
5605	0
5606	0
5607	1
5608	1
5609	1
5610	0
5611	0
5612	2
5613	1
5614	1
5615	0
5616	0
5617	1
5618	1
5619	0
5620	1
5621	0
5622	1
5623	0
5624	1
5625	1
5626	0
5627	0
5628	1
5629	1
5630	0
5631	0
5632	1
5633	0
5634	0
5635	0
5636	0
5637	1
5638	0
5639	0
5640	1
5641	0
5642	0
5643	0
5644	0
5645	0
5646	0
5647	0
5648	1
5649	0
5650	0
5651	0
5652	0
5653	0
5654	1
5655	0
5656	1
5657	0
5658	1
5659	0
5660	2
5661	0
5662	2
5663	0
5664	0
5665	0
5666	1
5667	1
5668	1
5669	0
5670	2
5671	3
5672	1
5673	0
5674	0
5675	0
5676	0
5677	0
5678	0
5679	0
5680	1
5681	0
5682	0
5683	0
5684	0
5685	1
5686	0
5687	0
5688	0
5689	0
5690	0
5691	1
5692	1
5693	1
5694	1
5695	1
5696	0
5697	0
5698	2
5699	0
5700	0
5701	1
5702	0
5703	1
5704	0
5705	0
5706	1
5707	0
5708	1
5709	1
5710	0
5711	1
5712	1
5713	0
5714	1
5715	1
5716	1
5717	1
5718	0
5719	1
5720	2
5721	1
5722	0
5723	0
5724	0
5725	2
5726	0
5727	2
5728	0
5729	1
5730	1
5731	0
5732	1
5733	0
5734	1
5735	0
5736	2
5737	0
5738	0
5739	0
5740	0
5741	0
5742	3
5743	0
5744	1
5745	2
5746	0
5747	1
5748	2
5749	1
5750	0
5751	0
5752	1
5753	0
5754	1
5755	1
5756	0
5757	1
5758	0
5759	0
5760	0
5761	0
5762	2
5763	0
5764	1
5765	0
5766	0
5767	0
5768	0
5769	2
5770	2
5771	0
5772	0
5773	0
5774	1
5775	1
5776	0
5777	0
5778	0
5779	0
5780	2
5781	0
5782	0
5783	0
5784	1
5785	0
5786	1
5787	0
5788	0
5789	2
5790	0
5791	0
5792	0
5793	0
5794	0
5795	0
5796	1
5797	0
5798	0
5799	0
5800	0
5801	1
5802	0
5803	0
5804	2
5805	0
5806	0
5807	0
5808	0
5809	0
5810	0
5811	0
5812	1
5813	0
5814	1
5815	0
5816	0
5817	0
5818	0
5819	0
5820	1
5821	0
5822	0
5823	1
5824	0
5825	0
5826	0
5827	0
5828	0
5829	0
5830	0
5831	0
5832	1
5833	0
5834	0
5835	0
5836	1
5837	1
5838	1
5839	1
5840	1
5841	1
5842	0
5843	2
5844	0
5845	1
5846	2
5847	2
5848	0
5849	2
5850	1
5851	1
5852	3
5853	3
5854	1
5855	0
5856	1
5857	0
5858	0
5859	1
5860	0
5861	0
5862	0
5863	1
5864	0
5865	0
5866	0
5867	0
5868	0
5869	0
5870	0
5871	0
5872	0
5873	0
5874	0
5875	1
5876	0
5877	0
5878	1
5879	0
5880	1
5881	1
5882	3
5883	0
5884	0
5885	1
5886	0
5887	0
5888	0
5889	0
5890	1
5891	0
5892	2
5893	0
5894	1
5895	0
5896	2
5897	0
5898	0
5899	0
5900	2
5901	1
5902	0
5903	0
5904	0
5905	0
5906	0
5907	0
5908	0
5909	0
5910	1
5911	1
5912	0
5913	1
5914	1
5915	0
5916	0
5917	1
5918	1
5919	1
5920	1
5921	1
5922	0
5923	0
5924	1
5925	0
5926	0
5927	3
5928	0
5929	0
5930	2
5931	0
5932	0
5933	1
5934	1
5935	1
5936	0
5937	2
5938	0
5939	1
5940	0
5941	0
5942	1
5943	2
5944	2
5945	1
5946	1
5947	1
5948	0
5949	1
5950	1
5951	1
5952	0
5953	2
5954	1
5955	0
5956	0
5957	0
5958	0
5959	1
5960	1
5961	0
5962	0
5963	1
5964	0
5965	0
5966	3
5967	1
5968	1
5969	0
5970	0
5971	2
5972	1
5973	2
5974	1
5975	1
5976	0
5977	1
5978	1
5979	1
5980	2
5981	1
5982	0
5983	3
5984	1
5985	1
5986	0
5987	0
5988	2
5989	1
5990	0
5991	1
5992	0
5993	1
5994	1
5995	0
5996	0
5997	1
5998	0
5999	0
6000	0
6001	0
6002	0
6003	1
6004	0
6005	0
6006	0
6007	1
6008	1
6009	1
6010	0
6011	1
6012	1
6013	0
6014	2
6015	0
6016	0
6017	0
6018	0
6019	0
6020	2
6021	0
6022	0
6023	3
6024	1
6025	0
6026	0
6027	0
6028	2
6029	2
6030	0
6031	1
6032	1
6033	0
6034	1
6035	0
6036	0
6037	1
6038	0
6039	1
6040	0
6041	0
6042	0
6043	2
6044	0
6045	0
6046	0
6047	1
6048	0
6049	0
6050	0
6051	1
6052	0
6053	0
6054	0
6055	0
6056	0
6057	0
6058	0
6059	0
6060	1
6061	0
6062	1
6063	0
6064	0
6065	1
6066	0
6067	0
6068	0
6069	0
6070	1
6071	1
6072	0
6073	0
6074	0
6075	0
6076	0
6077	1
6078	2
6079	1
6080	0
6081	0
6082	1
6083	0
6084	0
6085	0
6086	2
6087	0
6088	0
6089	1
6090	0
6091	0
6092	0
6093	0
6094	1
6095	0
6096	1
6097	0
6098	0
6099	1
6100	0
6101	2
6102	0
6103	2
6104	0
6105	0
6106	0
6107	0
6108	1
6109	0
6110	0
6111	0
6112	1
6113	0
6114	1
6115	2
6116	0
6117	0
6118	0
6119	0
6120	1
6121	0
6122	0
6123	2
6124	0
6125	0
6126	0
6127	3
6128	1
6129	0
6130	0
6131	1
6132	2
6133	2
6134	0
6135	0
6136	0
6137	0
6138	2
6139	1
6140	0
6141	0
6142	0
6143	1
6144	1
6145	0
6146	0
6147	1
6148	1
6149	0
6150	0
6151	0
6152	0
6153	0
6154	0
6155	0
6156	1
6157	1
6158	0
6159	0
6160	0
6161	0
6162	1
6163	0
6164	1
6165	0
6166	2
6167	1
6168	1
6169	0
6170	1
6171	1
6172	0
6173	0
6174	0
6175	0
6176	0
6177	1
6178	0
6179	2
6180	2
6181	0
6182	0
6183	3
6184	1
6185	0
6186	0
6187	1
6188	1
6189	0
6190	0
6191	0
6192	1
6193	0
6194	0
6195	0
6196	1
6197	1
6198	0
6199	0
6200	1
6201	0
6202	1
6203	0
6204	3
6205	1
6206	0
6207	0
6208	2
6209	2
6210	0
6211	0
6212	0
6213	1
6214	0
6215	0
6216	0
6217	1
6218	0
6219	1
6220	0
6221	0
6222	0
6223	1
6224	0
6225	0
6226	1
6227	1
6228	0
6229	0
6230	0
6231	1
6232	1
6233	0
6234	1
6235	1
6236	1
6237	0
6238	1
6239	1
6240	0
6241	0
6242	1
6243	0
6244	1
6245	0
6246	2
6247	0
6248	0
6249	0
6250	0
6251	0
6252	0
6253	0
6254	1
6255	1
6256	0
6257	0
6258	0
6259	0
6260	1
6261	0
6262	0
6263	0
6264	0
6265	0
6266	1
6267	0
6268	1
6269	0
6270	3
6271	0
6272	1
6273	1
6274	2
6275	0
6276	0
6277	0
6278	0
6279	1
6280	0
6281	0
6282	1
6283	0
6284	0
6285	0
6286	1
6287	0
6288	0
6289	0
6290	0
6291	0
6292	0
6293	0
6294	0
6295	0
6296	0
6297	0
6298	2
6299	0
6300	0
6301	0
6302	0
6303	1
6304	0
6305	1
6306	0
6307	1
6308	0
6309	0
6310	1
6311	0
6312	0
6313	0
6314	0
6315	0
6316	1
6317	1
6318	0
6319	0
6320	0
6321	0
6322	0
6323	0
6324	2
6325	0
6326	0
6327	1
6328	1
6329	1
6330	1
6331	0
6332	1
6333	1
6334	0
6335	1
6336	1
6337	0
6338	2
6339	0
6340	0
6341	0
6342	0
6343	2
6344	0
6345	0
6346	1
6347	0
6348	1
6349	2
6350	2
6351	1
6352	1
6353	0
6354	0
6355	0
6356	0
6357	1
6358	0
6359	0
6360	0
6361	0
6362	0
6363	0
6364	0
6365	1
6366	0
6367	1
6368	0
6369	0
6370	1
6371	0
6372	0
6373	0
6374	0
6375	0
6376	1
6377	0
6378	0
6379	0
6380	0
6381	0
6382	0
6383	0
6384	0
6385	0
6386	0
6387	0
6388	0
6389	0
6390	1
6391	0
6392	1
6393	0
6394	1
6395	0
6396	1
6397	0
6398	1
6399	1
6400	2
6401	0
6402	1
6403	0
6404	1
6405	1
6406	0
6407	1
6408	0
6409	1
6410	0
6411	0
6412	2
6413	0
6414	0
6415	0
6416	1
6417	0
6418	1
6419	0
6420	1
6421	1
6422	1
6423	1
6424	1
6425	0
6426	1
6427	0
6428	0
6429	0
6430	0
6431	0
6432	0
6433	0
6434	0
6435	1
6436	3
6437	1
6438	0
6439	0
6440	1
6441	0
6442	0
6443	0
6444	0
6445	0
6446	0
6447	0
6448	1
6449	1
6450	0
6451	0
6452	0
6453	2
6454	1
6455	2
6456	1
6457	1
6458	0
6459	0
6460	1
6461	1
6462	0
6463	1
6464	0
6465	0
6466	1
6467	0
6468	3
6469	1
6470	0
6471	0
6472	0
6473	0
6474	1
6475	0
6476	0
6477	0
6478	0
6479	2
6480	1
6481	1
6482	2
6483	0
6484	0
6485	1
6486	1
6487	0
6488	1
6489	0
6490	1
6491	0
6492	0
6493	0
6494	0
6495	0
6496	0
6497	0
6498	0
6499	0
6500	1
6501	2
6502	0
6503	0
6504	0
6505	0
6506	0
6507	1
6508	2
6509	0
6510	0
6511	1
6512	2
6513	0
6514	0
6515	2
6516	0
6517	0
6518	1
6519	1
6520	0
6521	0
6522	1
6523	0
6524	0
6525	0
6526	1
6527	1
6528	0
6529	0
6530	0
6531	0
6532	0
6533	0
6534	0
6535	0
6536	1
6537	0
6538	0
6539	0
6540	2
6541	0
6542	2
6543	1
6544	1
6545	1
6546	0
6547	1
6548	0
6549	0
6550	1
6551	0
6552	1
6553	1
6554	0
6555	1
6556	2
6557	0
6558	0
6559	0
6560	0
6561	1
6562	1
6563	1
6564	0
6565	0
6566	0
6567	1
6568	0
6569	0
6570	0
6571	0
6572	1
6573	0
6574	0
6575	0
6576	0
6577	0
6578	0
6579	0
6580	0
6581	1
6582	0
6583	0
6584	1
6585	0
6586	0
6587	0
6588	2
6589	0
6590	0
6591	1
6592	0
6593	0
6594	1
6595	0
6596	0
6597	1
6598	0
6599	0
6600	1
6601	0
6602	0
6603	0
6604	1
6605	0
6606	0
6607	1
6608	1
6609	0
6610	0
6611	3
6612	0
6613	0
6614	0
6615	2
6616	0
6617	0
6618	0
6619	1
6620	0
6621	0
6622	0
6623	0
6624	0
6625	0
6626	0
6627	1
6628	1
6629	0
6630	0
6631	0
6632	1
6633	0
6634	0
6635	0
6636	0
6637	0
6638	0
6639	1
6640	0
6641	0
6642	0
6643	0
6644	0
6645	2
6646	0
6647	0
6648	0
6649	0
6650	0
6651	1
6652	0
6653	1
6654	1
6655	0
6656	1
6657	1
6658	0
6659	0
6660	1
6661	0
6662	1
6663	0
6664	0
6665	0
6666	0
6667	0
6668	0
6669	0
6670	1
6671	0
6672	1
6673	1
6674	1
6675	0
6676	0
6677	0
6678	0
6679	0
6680	0
6681	0
6682	0
6683	0
6684	1
6685	0
6686	0
6687	0
6688	1
6689	0
6690	1
6691	1
6692	2
6693	2
6694	0
6695	1
6696	2
6697	0
6698	0
6699	0
6700	1
6701	2
6702	0
6703	0
6704	1
6705	0
6706	0
6707	0
6708	0
6709	1
6710	0
6711	0
6712	0
6713	2
6714	0
6715	0
6716	0
6717	0
6718	0
6719	0
6720	2
6721	0
6722	0
6723	0
6724	0
6725	0
6726	1
6727	0
6728	0
6729	0
6730	0
6731	1
6732	1
6733	1
6734	0
6735	0
6736	1
6737	0
6738	0
6739	0
6740	0
6741	0
6742	0
6743	0
6744	1
6745	0
6746	0
6747	1
6748	0
6749	0
6750	0
6751	1
6752	0
6753	0
6754	1
6755	0
6756	0
6757	0
6758	0
6759	1
6760	1
6761	0
6762	0
6763	1
6764	0
6765	0
6766	0
6767	0
6768	0
6769	0
6770	0
6771	0
6772	0
6773	0
6774	1
6775	0
6776	0
6777	0
6778	0
6779	0
6780	1
6781	0
6782	2
6783	1
6784	0
6785	2
6786	0
6787	0
6788	1
6789	2
6790	0
6791	0
6792	1
6793	0
6794	0
6795	2
6796	0
6797	1
6798	0
6799	2
6800	1
6801	0
6802	0
6803	0
6804	0
6805	1
6806	1
6807	0
6808	0
6809	0
6810	0
6811	0
6812	0
6813	0
6814	0
6815	0
6816	0
6817	0
6818	0
6819	0
6820	0
6821	0
6822	0
6823	0
6824	0
6825	0
6826	0
6827	0
6828	1
6829	0
6830	1
6831	0
6832	0
6833	0
6834	0
6835	0
6836	1
6837	0
6838	0
6839	0
6840	1
6841	0
6842	0
6843	0
6844	0
6845	1
6846	0
6847	0
6848	0
6849	0
6850	1
6851	0
6852	0
6853	0
6854	0
6855	0
6856	0
6857	0
6858	0
6859	0
6860	0
6861	0
6862	1
6863	2
6864	0
6865	0
6866	0
6867	0
6868	0
6869	0
6870	0
6871	0
6872	0
6873	0
6874	0
6875	1
6876	0
6877	0
6878	0
6879	0
6880	0
6881	1
6882	0
6883	1
6884	1
6885	0
6886	1
6887	0
6888	0
6889	0
6890	1
6891	0
6892	2
6893	1
6894	0
6895	1
6896	0
6897	1
6898	0
6899	0
6900	0
6901	0
6902	1
6903	0
6904	0
6905	0
6906	0
6907	0
6908	0
6909	0
6910	0
6911	0
6912	0
6913	0
6914	0
6915	0
6916	0
6917	0
6918	0
6919	0
6920	1
6921	1
6922	1
6923	0
6924	0
6925	0
6926	0
6927	1
6928	0
6929	0
6930	0
6931	0
6932	0
6933	0
6934	0
6935	0
6936	0
6937	0
6938	1
6939	0
6940	0
6941	0
6942	0
6943	0
6944	0
6945	0
6946	0
6947	0
6948	1
6949	0
6950	0
6951	0
6952	0
6953	0
6954	0
6955	0
6956	0
6957	0
6958	0
6959	0
6960	0
6961	0
6962	0
6963	0
6964	0
6965	0
6966	0
6967	0
6968	1
6969	1
6970	0
6971	0
6972	0
6973	0
6974	0
6975	0
6976	2
6977	0
6978	0
6979	1
6980	0
6981	0
6982	0
6983	0
6984	0
6985	0
6986	1
6987	2
6988	0
6989	0
6990	0
6991	0
6992	0
6993	0
6994	0
6995	0
6996	1
6997	0
6998	0
6999	0
7000	0
7001	0
7002	0
7003	0
7004	0
7005	0
7006	1
7007	2
7008	1
7009	0
7010	1
7011	0
7012	0
7013	0
7014	0
7015	1
7016	0
7017	0
7018	0
7019	0
7020	0
7021	0
7022	0
7023	0
7024	0
7025	1
7026	0
7027	0
7028	0
7029	0
7030	0
7031	0
7032	1
7033	0
7034	0
7035	2
7036	1
7037	0
7038	0
7039	0
7040	1
7041	0
7042	0
7043	0
7044	0
7045	1
7046	1
7047	0
7048	0
7049	0
7050	0
7051	1
7052	0
7053	1
7054	0
7055	0
7056	0
7057	0
7058	0
7059	0
7060	0
7061	1
7062	0
7063	0
7064	0
7065	1
7066	2
7067	0
7068	0
7069	1
7070	0
7071	0
7072	0
7073	0
7074	0
7075	0
7076	0
7077	0
7078	1
7079	0
7080	0
7081	0
7082	0
7083	0
7084	1
7085	0
7086	0
7087	0
7088	0
7089	0
7090	0
7091	0
7092	0
7093	0
7094	0
7095	1
7096	0
7097	0
7098	0
7099	0
7100	0
7101	0
7102	0
7103	0
7104	1
7105	0
7106	0
7107	0
7108	1
7109	1
7110	0
7111	0
7112	0
7113	0
7114	0
7115	0
7116	0
7117	0
7118	0
7119	0
7120	0
7121	0
7122	0
7123	0
7124	1
7125	0
7126	0
7127	1
7128	0
7129	0
7130	1
7131	0
7132	0
7133	0
7134	1
7135	0
7136	0
7137	0
7138	0
7139	0
7140	0
7141	0
7142	0
7143	0
7144	0
7145	0
7146	0
7147	0
7148	1
7149	0
7150	1
7151	0
7152	0
7153	1
7154	0
7155	0
7156	0
7157	0
7158	0
7159	0
7160	1
7161	0
7162	0
7163	0
7164	1
7165	0
7166	0
7167	0
7168	0
7169	1
7170	1
7171	0
7172	1
7173	0
7174	0
7175	0
7176	1
7177	1
7178	0
7179	0
7180	0
7181	0
7182	0
7183	0
7184	0
7185	0
7186	1
7187	1
7188	0
7189	0
7190	0
7191	1
7192	2
7193	0
7194	0
7195	0
7196	0
7197	0
7198	1
7199	0
7200	0
7201	0
7202	1
7203	0
7204	0
7205	1
7206	0
7207	1
7208	0
7209	0
7210	0
7211	0
7212	0
7213	0
7214	0
7215	0
7216	0
7217	1
7218	0
7219	0
7220	0
7221	0
7222	0
7223	0
7224	0
7225	0
7226	1
7227	0
7228	0
7229	2
7230	0
7231	0
7232	0
7233	0
7234	1
7235	0
7236	0
7237	0
7238	0
7239	1
7240	0
7241	0
7242	0
7243	1
7244	0
7245	0
7246	0
7247	0
7248	0
7249	0
7250	0
7251	1
7252	0
7253	0
7254	0
7255	0
7256	0
7257	0
7258	0
7259	0
7260	0
7261	0
7262	1
7263	1
7264	0
7265	0
7266	0
7267	0
7268	0
7269	0
7270	0
7271	1
7272	0
7273	0
7274	0
7275	0
7276	0
7277	0
7278	0
7279	0
7280	0
7281	1
7282	0
7283	0
7284	0
7285	0
7286	2
7287	1
7288	0
7289	0
7290	0
7291	0
7292	0
7293	0
7294	0
7295	0
7296	0
7297	1
7298	0
7299	2
7300	0
7301	0
7302	0
7303	0
7304	0
7305	1
7306	0
7307	0
7308	0
7309	0
7310	1
7311	0
7312	0
7313	0
7314	0
7315	1
7316	1
7317	0
7318	1
7319	0
7320	1
7321	0
7322	1
7323	0
7324	2
7325	0
7326	0
7327	0
7328	0
7329	0
7330	0
7331	0
7332	0
7333	0
7334	0
7335	0
7336	1
7337	0
7338	1
7339	1
7340	1
7341	0
7342	0
7343	0
7344	0
7345	0
7346	0
7347	0
7348	0
7349	0
7350	0
7351	0
7352	0
7353	0
7354	1
7355	0
7356	0
7357	1
7358	0
7359	0
7360	0
7361	0
7362	1
7363	0
7364	0
7365	0
7366	0
7367	0
7368	0
7369	0
7370	0
7371	0
7372	0
7373	0
7374	1
7375	0
7376	0
7377	0
7378	1
7379	0
7380	0
7381	0
7382	0
7383	0
7384	1
7385	0
7386	0
7387	1
7388	0
7389	0
7390	1
7391	1
7392	0
7393	0
7394	0
7395	0
7396	0
7397	0
7398	0
7399	0
7400	0
7401	0
7402	0
7403	0
7404	0
7405	0
7406	0
7407	1
7408	0
7409	0
7410	0
7411	0
7412	0
7413	0
7414	0
7415	1
7416	0
7417	0
7418	0
7419	0
7420	0
7421	0
7422	0
7423	0
7424	0
7425	0
7426	0
7427	0
7428	0
7429	1
7430	0
7431	0
7432	2
7433	0
7434	0
7435	1
7436	0
7437	0
7438	0
7439	0
7440	0
7441	0
7442	0
7443	1
7444	1
7445	0
7446	0
7447	1
7448	0
7449	1
7450	0
7451	0
7452	0
7453	0
7454	0
7455	0
7456	0
7457	0
7458	0
7459	0
7460	1
7461	0
7462	0
7463	1
7464	1
7465	1
7466	0
7467	0
7468	0
7469	1
7470	1
7471	0
7472	0
7473	0
7474	0
7475	0
7476	0
7477	0
7478	0
7479	0
7480	0
7481	0
7482	0
7483	0
7484	1
7485	0
7486	0
7487	0
7488	0
7489	0
7490	1
7491	0
7492	0
7493	0
7494	0
7495	0
7496	0
7497	0
7498	1
7499	0
7500	0
7501	0
7502	1
7503	0
7504	0
7505	1
7506	0
7507	0
7508	1
7509	0
7510	0
7511	0
7512	0
7513	0
7514	0
7515	0
7516	1
7517	0
7518	0
7519	0
7520	0
7521	0
7522	0
7523	0
7524	0
7525	0
7526	0
7527	0
7528	0
7529	0
7530	0
7531	1
7532	0
7533	0
7534	0
7535	0
7536	1
7537	0
7538	0
7539	0
7540	0
7541	2
7542	0
7543	0
7544	0
7545	0
7546	0
7547	0
7548	0
7549	0
7550	0
7551	1
7552	0
7553	0
7554	0
7555	1
7556	0
7557	0
7558	0
7559	0
7560	0
7561	0
7562	2
7563	0
7564	0
7565	0
7566	0
7567	0
7568	0
7569	0
7570	0
7571	0
7572	0
7573	0
7574	0
7575	0
7576	1
7577	0
7578	1
7579	0
7580	1
7581	0
7582	0
7583	0
7584	0
7585	0
7586	0
7587	0
7588	0
7589	0
7590	0
7591	0
7592	0
7593	0
7594	0
7595	0
7596	0
7597	0
7598	2
7599	0
7600	2
7601	0
7602	0
7603	1
7604	0
7605	1
7606	1
7607	1
7608	1
7609	0
7610	0
7611	1
7612	1
7613	2
7614	0
7615	2
7616	3
7617	3
7618	3
7619	8
7620	4
7621	6
7622	6
7623	2
7624	4
7625	5
7626	2
7627	9
7628	7
7629	10
7630	9
7631	11
7632	11
7633	15
7634	5
7635	8
7636	7
7637	7
7638	4
7639	2
7640	9
7641	6
7642	4
7643	6
7644	4
7645	1
7646	1
7647	0
7648	0
7649	0
7650	1
7651	0
7652	0
7653	0
7654	0
7655	0
7656	0
7657	1
7658	1
7659	1
7660	0
7661	0
7662	0
7663	0
7664	0
7665	0
7666	0
7667	0
7668	0
7669	0
7670	0
7671	0
7672	0
7673	1
7674	0
7675	0
7676	0
7677	0
7678	0
7679	0
7680	0
7681	1
7682	0
7683	0
7684	0
7685	0
7686	1
7687	0
7688	0
7689	0
7690	0
7691	0
7692	0
7693	0
7694	0
7695	0
7696	0
7697	0
7698	0
7699	0
7700	0
7701	1
7702	0
7703	0
7704	0
7705	0
7706	0
7707	0
7708	0
7709	1
7710	0
7711	0
7712	0
7713	0
7714	1
7715	0
7716	0
7717	0
7718	0
7719	0
7720	0
7721	0
7722	0
7723	0
7724	0
7725	0
7726	0
7727	0
7728	0
7729	0
7730	0
7731	0
7732	0
7733	1
7734	0
7735	0
7736	0
7737	0
7738	0
7739	0
7740	0
7741	0
7742	0
7743	0
7744	0
7745	0
7746	0
7747	0
7748	0
7749	0
7750	0
7751	0
7752	0
7753	0
7754	0
7755	0
7756	0
7757	0
7758	0
7759	0
7760	0
7761	0
7762	0
7763	0
7764	0
7765	0
7766	0
7767	0
7768	0
7769	0
7770	0
7771	0
7772	0
7773	0
7774	0
7775	0
7776	0
7777	0
7778	0
7779	0
7780	0
7781	0
7782	0
7783	0
7784	0
7785	0
7786	0
7787	0
7788	0
7789	0
7790	0
7791	0
7792	0
7793	0
7794	0
7795	0
7796	1
7797	0
7798	0
7799	1
7800	0
7801	0
7802	0
7803	0
7804	1
7805	0
7806	0
7807	0
7808	1
7809	0
7810	1
7811	0
7812	0
7813	0
7814	0
7815	0
7816	1
7817	0
7818	0
7819	0
7820	0
7821	0
7822	0
7823	0
7824	0
7825	0
7826	0
7827	0
7828	0
7829	0
7830	0
7831	0
7832	0
7833	0
7834	0
7835	0
7836	0
7837	0
7838	0
7839	0
7840	0
7841	0
7842	1
7843	2
7844	0
7845	0
7846	0
7847	0
7848	0
7849	0
7850	0
7851	0
7852	0
7853	0
7854	0
7855	1
7856	0
7857	0
7858	0
7859	0
7860	0
7861	0
7862	0
7863	0
7864	0
7865	0
7866	0
7867	0
7868	0
7869	1
7870	0
7871	0
7872	0
7873	0
7874	1
7875	0
7876	1
7877	0
7878	1
7879	0
7880	0
7881	0
7882	0
7883	0
7884	0
7885	0
7886	0
7887	0
7888	0
7889	0
7890	0
7891	0
7892	0
7893	0
7894	0
7895	0
7896	0
7897	0
7898	0
7899	0
7900	0
7901	1
7902	0
7903	0
7904	0
7905	0
7906	0
7907	0
7908	0
7909	0
7910	0
7911	0
7912	0
7913	0
7914	0
7915	0
7916	0
7917	0
7918	0
7919	0
7920	0
7921	0
7922	0
7923	0
7924	0
7925	0
7926	0
7927	0
7928	0
7929	0
7930	0
7931	0
7932	0
7933	0
7934	1
7935	0
7936	0
7937	0
7938	0
7939	0
7940	0
7941	0
7942	0
7943	0
7944	0
7945	1
7946	0
7947	0
7948	0
7949	0
7950	0
7951	0
7952	0
7953	0
7954	0
7955	0
7956	0
7957	0
7958	0
7959	0
7960	0
7961	0
7962	0
7963	0
7964	1
7965	0
7966	0
7967	0
7968	0
7969	0
7970	0
7971	1
7972	0
7973	0
7974	0
7975	0
7976	1
7977	0
7978	1
7979	0
7980	0
7981	1
7982	0
7983	0
7984	0
7985	1
7986	0
7987	1
7988	0
7989	0
7990	0
7991	0
7992	0
7993	0
7994	0
7995	0
7996	1
7997	0
7998	0
7999	0
8000	0
8001	0
8002	0
8003	0
8004	0
8005	0
8006	0
8007	0
8008	0
8009	0
8010	0
8011	0
8012	0
8013	0
8014	0
8015	0
8016	1
8017	1
8018	0
8019	0
8020	0
8021	0
8022	0
8023	0
8024	0
8025	0
8026	0
8027	0
8028	1
8029	0
8030	0
8031	0
8032	0
8033	0
8034	0
8035	0
8036	0
8037	0
8038	1
8039	0
8040	0
8041	0
8042	1
8043	0
8044	1
8045	0
8046	0
8047	0
8048	0
8049	0
8050	0
8051	0
8052	0
8053	0
8054	0
8055	0
8056	0
8057	0
8058	0
8059	0
8060	0
8061	0
8062	0
8063	0
8064	0
8065	0
8066	0
8067	0
8068	0
8069	0
8070	0
8071	0
8072	0
8073	0
8074	0
8075	0
8076	0
8077	0
8078	0
8079	0
8080	0
8081	0
8082	0
8083	0
8084	1
8085	0
8086	0
8087	0
8088	0
8089	0
8090	0
8091	0
8092	0
8093	0
8094	0
8095	0
8096	1
8097	0
8098	0
8099	0
8100	0
8101	0
8102	0
8103	0
8104	0
8105	0
8106	0
8107	0
8108	1
8109	0
8110	0
8111	0
8112	0
8113	0
8114	0
8115	0
8116	0
8117	0
8118	0
8119	0
8120	0
8121	0
8122	0
8123	0
8124	0
8125	0
8126	0
8127	0
8128	0
8129	0
8130	0
8131	0
8132	0
8133	0
8134	0
8135	0
8136	0
8137	0
8138	0
8139	0
8140	0
8141	0
8142	0
8143	0
8144	0
8145	0
8146	0
8147	0
8148	0
8149	0
8150	0
8151	0
8152	0
8153	0
8154	0
8155	0
8156	0
8157	0
8158	0
8159	0
8160	0
8161	0
8162	0
8163	0
8164	0
8165	0
8166	0
8167	0
8168	0
8169	0
8170	0
8171	0
8172	0
8173	0
8174	0
8175	0
8176	0
8177	0
8178	0
8179	0
8180	0
8181	0
8182	0
8183	0
8184	0
8185	0
8186	0
8187	0
8188	0
8189	0
8190	0
8191	0
