0	0
1	0
2	0
3	0
4	0
5	0
6	0
7	0
8	0
9	0
10	0
11	0
12	0
13	0
14	0
15	0
16	0
17	0
18	0
19	0
20	0
21	0
22	0
23	0
24	0
25	0
26	0
27	0
28	0
29	0
30	0
31	0
32	0
33	0
34	0
35	0
36	0
37	0
38	0
39	0
40	0
41	0
42	0
43	0
44	0
45	0
46	0
47	0
48	0
49	0
50	0
51	0
52	0
53	0
54	0
55	0
56	0
57	0
58	0
59	0
60	0
61	0
62	0
63	0
64	0
65	0
66	0
67	0
68	0
69	0
70	0
71	0
72	0
73	0
74	0
75	0
76	0
77	0
78	0
79	0
80	0
81	0
82	0
83	0
84	0
85	0
86	0
87	0
88	0
89	0
90	0
91	0
92	0
93	0
94	0
95	0
96	0
97	0
98	0
99	0
100	0
101	0
102	0
103	0
104	0
105	0
106	0
107	0
108	0
109	0
110	0
111	0
112	0
113	0
114	0
115	0
116	0
117	0
118	0
119	0
120	0
121	0
122	0
123	0
124	0
125	0
126	0
127	0
128	0
129	0
130	0
131	0
132	1
133	5
134	17
135	45
136	58
137	68
138	76
139	85
140	78
141	93
142	73
143	90
144	68
145	88
146	82
147	89
148	94
149	59
150	80
151	81
152	75
153	88
154	66
155	65
156	77
157	88
158	67
159	85
160	73
161	63
162	59
163	72
164	82
165	73
166	60
167	82
168	80
169	74
170	74
171	82
172	64
173	74
174	72
175	77
176	68
177	75
178	56
179	73
180	72
181	75
182	71
183	59
184	72
185	86
186	70
187	63
188	71
189	67
190	78
191	85
192	69
193	69
194	61
195	66
196	72
197	67
198	66
199	58
200	73
201	70
202	58
203	65
204	65
205	69
206	76
207	71
208	69
209	70
210	64
211	77
212	66
213	65
214	83
215	75
216	74
217	79
218	80
219	87
220	88
221	106
222	90
223	76
224	82
225	91
226	94
227	68
228	78
229	68
230	64
231	67
232	67
233	55
234	53
235	53
236	64
237	76
238	69
239	67
240	73
241	71
242	77
243	90
244	76
245	70
246	65
247	64
248	50
249	73
250	86
251	63
252	74
253	78
254	63
255	75
256	75
257	92
258	85
259	80
260	56
261	77
262	67
263	72
264	85
265	77
266	83
267	67
268	75
269	65
270	81
271	72
272	67
273	69
274	65
275	64
276	69
277	68
278	67
279	74
280	85
281	66
282	74
283	73
284	78
285	86
286	73
287	68
288	73
289	79
290	86
291	62
292	58
293	74
294	73
295	71
296	74
297	65
298	67
299	75
300	62
301	87
302	71
303	79
304	80
305	82
306	108
307	87
308	116
309	107
310	132
311	88
312	103
313	91
314	80
315	79
316	96
317	92
318	74
319	81
320	79
321	83
322	113
323	66
324	92
325	88
326	88
327	78
328	101
329	94
330	87
331	94
332	84
333	90
334	88
335	92
336	84
337	81
338	100
339	75
340	79
341	96
342	108
343	91
344	93
345	97
346	103
347	101
348	106
349	105
350	111
351	97
352	102
353	101
354	140
355	161
356	162
357	227
358	250
359	255
360	270
361	237
362	241
363	176
364	187
365	191
366	181
367	267
368	303
369	367
370	444
371	514
372	412
373	352
374	274
375	226
376	171
377	150
378	128
379	117
380	147
381	134
382	171
383	165
384	131
385	133
386	123
387	104
388	102
389	92
390	72
391	90
392	82
393	74
394	81
395	78
396	83
397	93
398	79
399	99
400	78
401	86
402	112
403	86
404	99
405	90
406	92
407	83
408	78
409	83
410	99
411	61
412	76
413	94
414	96
415	95
416	93
417	128
418	138
419	188
420	213
421	205
422	236
423	259
424	218
425	190
426	162
427	136
428	96
429	109
430	107
431	130
432	107
433	139
434	143
435	149
436	155
437	147
438	149
439	128
440	93
441	86
442	95
443	102
444	75
445	103
446	100
447	79
448	90
449	94
450	90
451	87
452	77
453	93
454	83
455	73
456	75
457	89
458	87
459	87
460	108
461	138
462	152
463	141
464	137
465	163
466	137
467	123
468	104
469	100
470	97
471	69
472	84
473	87
474	87
475	70
476	78
477	70
478	71
479	64
480	74
481	73
482	65
483	58
484	52
485	56
486	61
487	76
488	57
489	65
490	71
491	64
492	75
493	82
494	80
495	90
496	71
497	65
498	56
499	58
500	93
501	86
502	69
503	57
504	74
505	80
506	63
507	86
508	67
509	66
510	73
511	56
512	68
513	65
514	84
515	84
516	50
517	81
518	69
519	69
520	75
521	56
522	77
523	83
524	85
525	65
526	78
527	83
528	66
529	76
530	67
531	86
532	78
533	65
534	59
535	85
536	82
537	67
538	74
539	76
540	63
541	64
542	83
543	69
544	78
545	76
546	83
547	82
548	72
549	83
550	58
551	71
552	79
553	83
554	59
555	80
556	74
557	81
558	75
559	66
560	76
561	71
562	78
563	73
564	83
565	74
566	73
567	60
568	77
569	82
570	65
571	65
572	80
573	82
574	82
575	55
576	72
577	69
578	74
579	77
580	86
581	80
582	63
583	78
584	59
585	72
586	58
587	71
588	66
589	70
590	66
591	81
592	52
593	67
594	78
595	76
596	63
597	61
598	72
599	56
600	69
601	63
602	69
603	81
604	80
605	74
606	51
607	71
608	73
609	68
610	64
611	78
612	82
613	69
614	81
615	67
616	72
617	80
618	77
619	72
620	67
621	64
622	69
623	76
624	70
625	83
626	59
627	76
628	55
629	61
630	71
631	73
632	74
633	71
634	67
635	72
636	74
637	79
638	72
639	62
640	73
641	66
642	77
643	57
644	86
645	68
646	67
647	75
648	76
649	72
650	85
651	78
652	90
653	66
654	84
655	88
656	81
657	79
658	80
659	81
660	84
661	71
662	80
663	79
664	86
665	59
666	77
667	70
668	79
669	65
670	60
671	71
672	70
673	77
674	67
675	94
676	69
677	54
678	70
679	67
680	75
681	73
682	73
683	75
684	75
685	79
686	77
687	75
688	78
689	64
690	71
691	67
692	80
693	65
694	63
695	72
696	68
697	77
698	68
699	74
700	81
701	75
702	78
703	70
704	73
705	66
706	68
707	70
708	79
709	68
710	61
711	77
712	74
713	73
714	85
715	78
716	70
717	74
718	71
719	68
720	59
721	62
722	75
723	69
724	80
725	60
726	71
727	76
728	60
729	72
730	92
731	77
732	74
733	100
734	104
735	66
736	75
737	87
738	63
739	76
740	66
741	58
742	71
743	75
744	70
745	71
746	86
747	72
748	67
749	58
750	65
751	66
752	68
753	74
754	73
755	62
756	64
757	72
758	56
759	68
760	84
761	67
762	65
763	55
764	74
765	75
766	77
767	88
768	85
769	71
770	77
771	63
772	66
773	67
774	63
775	83
776	69
777	80
778	84
779	59
780	63
781	63
782	85
783	75
784	70
785	62
786	74
787	91
788	65
789	68
790	66
791	56
792	66
793	58
794	64
795	61
796	55
797	71
798	74
799	80
800	68
801	67
802	53
803	80
804	76
805	69
806	65
807	62
808	74
809	69
810	64
811	68
812	81
813	89
814	76
815	54
816	72
817	66
818	75
819	60
820	56
821	65
822	73
823	73
824	72
825	84
826	79
827	70
828	76
829	65
830	66
831	70
832	72
833	84
834	66
835	82
836	66
837	74
838	72
839	59
840	63
841	76
842	70
843	69
844	74
845	78
846	77
847	64
848	77
849	76
850	69
851	70
852	73
853	62
854	62
855	78
856	69
857	75
858	85
859	68
860	59
861	72
862	68
863	69
864	78
865	71
866	69
867	55
868	71
869	81
870	64
871	53
872	81
873	79
874	60
875	57
876	67
877	65
878	56
879	51
880	71
881	62
882	65
883	57
884	74
885	78
886	71
887	70
888	74
889	51
890	54
891	78
892	72
893	66
894	61
895	45
896	68
897	64
898	63
899	60
900	54
901	73
902	68
903	73
904	62
905	62
906	64
907	44
908	72
909	76
910	63
911	47
912	63
913	60
914	48
915	72
916	85
917	56
918	53
919	59
920	68
921	70
922	59
923	72
924	68
925	66
926	60
927	70
928	91
929	84
930	53
931	72
932	68
933	53
934	71
935	79
936	69
937	55
938	64
939	53
940	72
941	70
942	72
943	75
944	63
945	69
946	89
947	105
948	103
949	129
950	127
951	133
952	119
953	118
954	105
955	130
956	72
957	66
958	57
959	70
960	76
961	46
962	65
963	59
964	53
965	57
966	68
967	55
968	62
969	67
970	69
971	65
972	74
973	55
974	63
975	63
976	72
977	65
978	47
979	67
980	51
981	63
982	66
983	85
984	72
985	52
986	64
987	62
988	62
989	54
990	57
991	53
992	67
993	63
994	69
995	66
996	67
997	61
998	62
999	55
1000	65
1001	69
1002	61
1003	72
1004	68
1005	58
1006	59
1007	48
1008	72
1009	62
1010	57
1011	59
1012	66
1013	61
1014	64
1015	60
1016	64
1017	67
1018	58
1019	60
1020	80
1021	65
1022	64
1023	50
1024	71
1025	54
1026	56
1027	50
1028	71
1029	73
1030	66
1031	68
1032	58
1033	78
1034	62
1035	58
1036	56
1037	55
1038	74
1039	51
1040	54
1041	67
1042	65
1043	61
1044	59
1045	54
1046	53
1047	62
1048	68
1049	47
1050	51
1051	66
1052	57
1053	58
1054	68
1055	63
1056	75
1057	58
1058	65
1059	78
1060	61
1061	51
1062	60
1063	43
1064	55
1065	52
1066	65
1067	60
1068	62
1069	79
1070	63
1071	81
1072	87
1073	79
1074	87
1075	84
1076	83
1077	68
1078	69
1079	72
1080	56
1081	60
1082	60
1083	69
1084	53
1085	51
1086	60
1087	54
1088	51
1089	59
1090	63
1091	51
1092	79
1093	56
1094	60
1095	64
1096	60
1097	66
1098	55
1099	62
1100	74
1101	61
1102	51
1103	47
1104	52
1105	58
1106	61
1107	68
1108	56
1109	50
1110	68
1111	56
1112	65
1113	76
1114	72
1115	65
1116	83
1117	55
1118	58
1119	64
1120	64
1121	69
1122	70
1123	61
1124	69
1125	63
1126	76
1127	66
1128	51
1129	72
1130	53
1131	56
1132	64
1133	56
1134	77
1135	54
1136	67
1137	64
1138	64
1139	67
1140	54
1141	63
1142	68
1143	55
1144	60
1145	57
1146	47
1147	54
1148	67
1149	66
1150	52
1151	67
1152	75
1153	69
1154	68
1155	54
1156	53
1157	61
1158	64
1159	58
1160	60
1161	55
1162	62
1163	61
1164	62
1165	51
1166	62
1167	45
1168	57
1169	57
1170	64
1171	54
1172	50
1173	51
1174	67
1175	40
1176	48
1177	60
1178	56
1179	70
1180	65
1181	68
1182	45
1183	59
1184	50
1185	73
1186	60
1187	57
1188	52
1189	59
1190	46
1191	56
1192	45
1193	47
1194	71
1195	64
1196	49
1197	62
1198	65
1199	54
1200	60
1201	59
1202	54
1203	63
1204	57
1205	48
1206	47
1207	49
1208	53
1209	61
1210	61
1211	73
1212	61
1213	57
1214	59
1215	72
1216	60
1217	65
1218	62
1219	75
1220	63
1221	80
1222	105
1223	121
1224	176
1225	208
1226	249
1227	240
1228	255
1229	272
1230	209
1231	153
1232	158
1233	116
1234	89
1235	80
1236	69
1237	70
1238	76
1239	73
1240	78
1241	85
1242	80
1243	92
1244	89
1245	103
1246	77
1247	82
1248	80
1249	67
1250	61
1251	59
1252	64
1253	47
1254	57
1255	53
1256	55
1257	59
1258	41
1259	50
1260	42
1261	61
1262	37
1263	55
1264	61
1265	57
1266	49
1267	54
1268	54
1269	54
1270	61
1271	55
1272	55
1273	54
1274	67
1275	47
1276	46
1277	46
1278	44
1279	59
1280	58
1281	58
1282	59
1283	55
1284	60
1285	51
1286	62
1287	57
1288	43
1289	51
1290	55
1291	63
1292	48
1293	53
1294	47
1295	63
1296	50
1297	57
1298	54
1299	52
1300	54
1301	42
1302	59
1303	59
1304	29
1305	45
1306	60
1307	48
1308	49
1309	49
1310	53
1311	54
1312	49
1313	61
1314	41
1315	58
1316	48
1317	57
1318	53
1319	49
1320	46
1321	55
1322	52
1323	43
1324	62
1325	53
1326	72
1327	51
1328	55
1329	43
1330	38
1331	55
1332	47
1333	52
1334	36
1335	57
1336	54
1337	43
1338	54
1339	41
1340	62
1341	44
1342	47
1343	45
1344	48
1345	65
1346	51
1347	67
1348	49
1349	62
1350	47
1351	49
1352	63
1353	45
1354	41
1355	49
1356	49
1357	48
1358	67
1359	55
1360	51
1361	48
1362	56
1363	49
1364	51
1365	32
1366	54
1367	48
1368	61
1369	50
1370	38
1371	54
1372	36
1373	41
1374	48
1375	50
1376	59
1377	57
1378	63
1379	49
1380	64
1381	46
1382	50
1383	49
1384	49
1385	62
1386	73
1387	49
1388	46
1389	55
1390	69
1391	61
1392	56
1393	73
1394	65
1395	79
1396	55
1397	54
1398	46
1399	51
1400	57
1401	48
1402	49
1403	53
1404	59
1405	47
1406	40
1407	44
1408	48
1409	56
1410	48
1411	51
1412	40
1413	63
1414	43
1415	42
1416	48
1417	44
1418	43
1419	56
1420	56
1421	50
1422	50
1423	59
1424	37
1425	41
1426	49
1427	45
1428	54
1429	41
1430	53
1431	58
1432	51
1433	57
1434	48
1435	37
1436	54
1437	48
1438	38
1439	51
1440	46
1441	43
1442	46
1443	37
1444	52
1445	45
1446	38
1447	53
1448	44
1449	44
1450	47
1451	49
1452	51
1453	52
1454	53
1455	51
1456	52
1457	50
1458	56
1459	52
1460	39
1461	71
1462	50
1463	52
1464	44
1465	44
1466	33
1467	39
1468	49
1469	45
1470	46
1471	64
1472	57
1473	60
1474	51
1475	50
1476	58
1477	44
1478	43
1479	41
1480	44
1481	46
1482	48
1483	39
1484	62
1485	56
1486	43
1487	52
1488	37
1489	46
1490	38
1491	62
1492	58
1493	50
1494	50
1495	50
1496	48
1497	54
1498	33
1499	37
1500	47
1501	37
1502	50
1503	53
1504	43
1505	56
1506	55
1507	48
1508	49
1509	48
1510	55
1511	43
1512	52
1513	57
1514	55
1515	46
1516	52
1517	57
1518	67
1519	57
1520	83
1521	91
1522	100
1523	103
1524	107
1525	99
1526	94
1527	80
1528	91
1529	69
1530	52
1531	66
1532	52
1533	42
1534	46
1535	36
1536	51
1537	38
1538	45
1539	52
1540	50
1541	29
1542	38
1543	38
1544	40
1545	47
1546	50
1547	50
1548	71
1549	69
1550	65
1551	58
1552	45
1553	42
1554	54
1555	45
1556	51
1557	37
1558	40
1559	48
1560	40
1561	46
1562	52
1563	48
1564	52
1565	43
1566	39
1567	36
1568	45
1569	42
1570	32
1571	42
1572	49
1573	63
1574	44
1575	38
1576	34
1577	46
1578	40
1579	44
1580	42
1581	42
1582	39
1583	37
1584	29
1585	57
1586	45
1587	49
1588	56
1589	38
1590	49
1591	52
1592	51
1593	37
1594	45
1595	49
1596	41
1597	34
1598	37
1599	38
1600	48
1601	24
1602	37
1603	46
1604	45
1605	32
1606	43
1607	41
1608	46
1609	50
1610	51
1611	52
1612	49
1613	53
1614	34
1615	36
1616	45
1617	41
1618	40
1619	59
1620	41
1621	35
1622	44
1623	55
1624	48
1625	41
1626	61
1627	52
1628	42
1629	39
1630	43
1631	41
1632	40
1633	43
1634	40
1635	44
1636	40
1637	60
1638	40
1639	35
1640	43
1641	37
1642	52
1643	45
1644	46
1645	46
1646	43
1647	40
1648	64
1649	32
1650	42
1651	39
1652	37
1653	52
1654	48
1655	45
1656	46
1657	33
1658	40
1659	49
1660	40
1661	55
1662	51
1663	51
1664	38
1665	51
1666	47
1667	54
1668	36
1669	51
1670	52
1671	49
1672	33
1673	40
1674	42
1675	27
1676	60
1677	40
1678	43
1679	36
1680	45
1681	31
1682	36
1683	53
1684	38
1685	44
1686	43
1687	36
1688	36
1689	44
1690	49
1691	51
1692	47
1693	55
1694	48
1695	50
1696	48
1697	51
1698	36
1699	44
1700	42
1701	50
1702	53
1703	47
1704	40
1705	43
1706	48
1707	48
1708	38
1709	39
1710	38
1711	41
1712	55
1713	44
1714	37
1715	33
1716	52
1717	44
1718	39
1719	49
1720	51
1721	48
1722	39
1723	43
1724	48
1725	50
1726	45
1727	33
1728	39
1729	35
1730	46
1731	40
1732	40
1733	29
1734	42
1735	37
1736	37
1737	45
1738	49
1739	37
1740	48
1741	53
1742	43
1743	52
1744	50
1745	63
1746	52
1747	79
1748	64
1749	60
1750	79
1751	72
1752	64
1753	67
1754	51
1755	57
1756	45
1757	44
1758	39
1759	34
1760	38
1761	43
1762	45
1763	46
1764	45
1765	32
1766	26
1767	37
1768	36
1769	27
1770	43
1771	34
1772	40
1773	42
1774	39
1775	49
1776	40
1777	40
1778	34
1779	46
1780	49
1781	42
1782	40
1783	57
1784	38
1785	45
1786	29
1787	29
1788	33
1789	41
1790	38
1791	42
1792	32
1793	44
1794	35
1795	33
1796	34
1797	35
1798	38
1799	33
1800	33
1801	44
1802	41
1803	36
1804	43
1805	33
1806	31
1807	42
1808	34
1809	35
1810	39
1811	54
1812	43
1813	62
1814	57
1815	93
1816	107
1817	99
1818	109
1819	143
1820	130
1821	123
1822	112
1823	115
1824	94
1825	93
1826	72
1827	54
1828	55
1829	59
1830	53
1831	36
1832	35
1833	36
1834	39
1835	38
1836	38
1837	30
1838	30
1839	45
1840	38
1841	50
1842	34
1843	37
1844	40
1845	36
1846	45
1847	41
1848	37
1849	38
1850	23
1851	39
1852	51
1853	29
1854	34
1855	40
1856	24
1857	32
1858	39
1859	33
1860	40
1861	43
1862	33
1863	38
1864	43
1865	36
1866	46
1867	29
1868	36
1869	37
1870	26
1871	37
1872	45
1873	43
1874	30
1875	35
1876	38
1877	44
1878	44
1879	37
1880	47
1881	37
1882	47
1883	31
1884	39
1885	31
1886	40
1887	30
1888	23
1889	42
1890	43
1891	26
1892	33
1893	40
1894	36
1895	32
1896	33
1897	34
1898	28
1899	36
1900	33
1901	30
1902	48
1903	38
1904	33
1905	36
1906	37
1907	44
1908	42
1909	33
1910	45
1911	32
1912	39
1913	39
1914	44
1915	39
1916	35
1917	29
1918	60
1919	36
1920	31
1921	28
1922	36
1923	36
1924	34
1925	30
1926	28
1927	41
1928	38
1929	20
1930	20
1931	35
1932	36
1933	27
1934	36
1935	41
1936	33
1937	38
1938	39
1939	33
1940	47
1941	32
1942	35
1943	30
1944	35
1945	28
1946	32
1947	30
1948	40
1949	44
1950	51
1951	34
1952	35
1953	33
1954	46
1955	32
1956	38
1957	41
1958	33
1959	37
1960	51
1961	37
1962	44
1963	45
1964	34
1965	37
1966	25
1967	28
1968	29
1969	26
1970	28
1971	45
1972	40
1973	28
1974	34
1975	29
1976	26
1977	32
1978	34
1979	35
1980	40
1981	28
1982	35
1983	31
1984	33
1985	27
1986	52
1987	26
1988	27
1989	26
1990	32
1991	34
1992	32
1993	39
1994	30
1995	44
1996	37
1997	32
1998	42
1999	41
2000	40
2001	32
2002	43
2003	37
2004	42
2005	42
2006	32
2007	42
2008	33
2009	37
2010	37
2011	43
2012	41
2013	37
2014	39
2015	48
2016	35
2017	34
2018	35
2019	61
2020	22
2021	32
2022	33
2023	39
2024	32
2025	41
2026	34
2027	30
2028	35
2029	35
2030	28
2031	29
2032	26
2033	31
2034	30
2035	49
2036	35
2037	34
2038	42
2039	26
2040	28
2041	32
2042	37
2043	39
2044	36
2045	40
2046	31
2047	37
2048	36
2049	33
2050	37
2051	25
2052	24
2053	36
2054	32
2055	32
2056	34
2057	35
2058	30
2059	26
2060	32
2061	41
2062	28
2063	30
2064	41
2065	38
2066	39
2067	32
2068	32
2069	23
2070	48
2071	33
2072	39
2073	36
2074	37
2075	45
2076	36
2077	31
2078	37
2079	38
2080	34
2081	27
2082	31
2083	37
2084	30
2085	38
2086	34
2087	38
2088	40
2089	25
2090	37
2091	39
2092	38
2093	43
2094	46
2095	37
2096	48
2097	35
2098	36
2099	34
2100	38
2101	41
2102	33
2103	42
2104	34
2105	29
2106	29
2107	30
2108	27
2109	36
2110	36
2111	31
2112	30
2113	32
2114	33
2115	36
2116	43
2117	26
2118	32
2119	42
2120	33
2121	36
2122	31
2123	42
2124	34
2125	47
2126	40
2127	29
2128	35
2129	39
2130	33
2131	39
2132	26
2133	27
2134	37
2135	28
2136	29
2137	32
2138	34
2139	31
2140	39
2141	38
2142	38
2143	38
2144	34
2145	29
2146	40
2147	38
2148	29
2149	39
2150	35
2151	32
2152	44
2153	34
2154	25
2155	24
2156	31
2157	29
2158	30
2159	37
2160	32
2161	40
2162	33
2163	35
2164	27
2165	39
2166	41
2167	31
2168	37
2169	25
2170	27
2171	31
2172	34
2173	36
2174	31
2175	33
2176	26
2177	28
2178	38
2179	27
2180	34
2181	32
2182	30
2183	42
2184	37
2185	37
2186	27
2187	25
2188	30
2189	27
2190	35
2191	34
2192	44
2193	34
2194	35
2195	26
2196	32
2197	22
2198	26
2199	37
2200	33
2201	47
2202	21
2203	39
2204	25
2205	36
2206	35
2207	33
2208	34
2209	38
2210	39
2211	43
2212	26
2213	29
2214	39
2215	30
2216	26
2217	34
2218	25
2219	23
2220	32
2221	42
2222	35
2223	35
2224	43
2225	36
2226	34
2227	39
2228	23
2229	38
2230	26
2231	27
2232	26
2233	32
2234	35
2235	28
2236	33
2237	42
2238	39
2239	35
2240	33
2241	44
2242	35
2243	34
2244	29
2245	32
2246	29
2247	32
2248	35
2249	32
2250	28
2251	16
2252	32
2253	26
2254	33
2255	27
2256	21
2257	30
2258	29
2259	29
2260	30
2261	23
2262	33
2263	32
2264	28
2265	30
2266	32
2267	26
2268	41
2269	28
2270	28
2271	30
2272	31
2273	32
2274	26
2275	25
2276	46
2277	27
2278	35
2279	40
2280	35
2281	38
2282	36
2283	27
2284	44
2285	47
2286	29
2287	36
2288	35
2289	28
2290	30
2291	27
2292	32
2293	25
2294	31
2295	36
2296	34
2297	30
2298	33
2299	30
2300	32
2301	32
2302	29
2303	33
2304	38
2305	36
2306	43
2307	31
2308	31
2309	32
2310	22
2311	33
2312	35
2313	22
2314	35
2315	36
2316	31
2317	26
2318	32
2319	33
2320	29
2321	27
2322	35
2323	32
2324	24
2325	21
2326	25
2327	29
2328	29
2329	41
2330	23
2331	17
2332	37
2333	34
2334	26
2335	20
2336	33
2337	25
2338	29
2339	27
2340	28
2341	23
2342	29
2343	29
2344	36
2345	39
2346	29
2347	30
2348	32
2349	28
2350	33
2351	41
2352	30
2353	24
2354	23
2355	29
2356	30
2357	25
2358	39
2359	37
2360	32
2361	42
2362	32
2363	31
2364	39
2365	22
2366	27
2367	23
2368	33
2369	26
2370	29
2371	18
2372	25
2373	24
2374	22
2375	27
2376	27
2377	35
2378	17
2379	30
2380	34
2381	22
2382	33
2383	27
2384	22
2385	25
2386	33
2387	29
2388	27
2389	32
2390	34
2391	27
2392	24
2393	33
2394	23
2395	30
2396	33
2397	30
2398	45
2399	36
2400	38
2401	42
2402	43
2403	31
2404	43
2405	36
2406	47
2407	30
2408	35
2409	33
2410	19
2411	31
2412	34
2413	27
2414	28
2415	20
2416	32
2417	26
2418	36
2419	35
2420	31
2421	22
2422	26
2423	32
2424	34
2425	28
2426	33
2427	27
2428	36
2429	26
2430	26
2431	25
2432	31
2433	35
2434	28
2435	37
2436	31
2437	40
2438	22
2439	23
2440	23
2441	27
2442	41
2443	31
2444	26
2445	25
2446	32
2447	41
2448	31
2449	15
2450	22
2451	20
2452	32
2453	24
2454	21
2455	32
2456	30
2457	30
2458	29
2459	33
2460	40
2461	32
2462	29
2463	18
2464	37
2465	28
2466	16
2467	27
2468	31
2469	25
2470	31
2471	28
2472	29
2473	32
2474	29
2475	41
2476	33
2477	32
2478	37
2479	21
2480	23
2481	36
2482	28
2483	37
2484	38
2485	31
2486	26
2487	31
2488	28
2489	32
2490	28
2491	36
2492	37
2493	35
2494	38
2495	28
2496	32
2497	33
2498	24
2499	19
2500	36
2501	29
2502	23
2503	27
2504	32
2505	33
2506	27
2507	31
2508	36
2509	32
2510	27
2511	25
2512	22
2513	40
2514	25
2515	33
2516	30
2517	30
2518	16
2519	30
2520	34
2521	28
2522	27
2523	31
2524	19
2525	26
2526	34
2527	26
2528	29
2529	28
2530	25
2531	29
2532	32
2533	30
2534	28
2535	28
2536	26
2537	24
2538	23
2539	21
2540	24
2541	27
2542	29
2543	27
2544	22
2545	30
2546	32
2547	27
2548	32
2549	23
2550	35
2551	26
2552	25
2553	20
2554	24
2555	23
2556	28
2557	19
2558	20
2559	25
2560	32
2561	35
2562	24
2563	27
2564	29
2565	34
2566	30
2567	24
2568	26
2569	23
2570	37
2571	32
2572	29
2573	24
2574	26
2575	34
2576	24
2577	21
2578	36
2579	21
2580	28
2581	40
2582	27
2583	33
2584	28
2585	36
2586	31
2587	31
2588	32
2589	28
2590	39
2591	23
2592	26
2593	23
2594	30
2595	25
2596	33
2597	32
2598	24
2599	35
2600	22
2601	20
2602	25
2603	26
2604	26
2605	26
2606	24
2607	36
2608	29
2609	27
2610	37
2611	19
2612	23
2613	31
2614	34
2615	28
2616	35
2617	30
2618	22
2619	20
2620	33
2621	26
2622	24
2623	38
2624	30
2625	18
2626	34
2627	36
2628	25
2629	25
2630	22
2631	26
2632	26
2633	34
2634	32
2635	37
2636	28
2637	46
2638	29
2639	36
2640	43
2641	47
2642	57
2643	53
2644	71
2645	56
2646	89
2647	96
2648	96
2649	113
2650	101
2651	133
2652	136
2653	124
2654	99
2655	128
2656	117
2657	94
2658	87
2659	82
2660	66
2661	67
2662	69
2663	51
2664	53
2665	49
2666	40
2667	32
2668	27
2669	30
2670	26
2671	34
2672	38
2673	25
2674	20
2675	21
2676	28
2677	27
2678	32
2679	23
2680	24
2681	34
2682	24
2683	24
2684	28
2685	29
2686	21
2687	27
2688	32
2689	17
2690	22
2691	29
2692	25
2693	42
2694	28
2695	31
2696	23
2697	26
2698	26
2699	19
2700	20
2701	33
2702	23
2703	40
2704	19
2705	31
2706	24
2707	24
2708	24
2709	24
2710	27
2711	29
2712	29
2713	24
2714	19
2715	26
2716	28
2717	21
2718	30
2719	27
2720	21
2721	28
2722	22
2723	30
2724	27
2725	22
2726	25
2727	20
2728	27
2729	34
2730	31
2731	23
2732	21
2733	31
2734	34
2735	31
2736	17
2737	25
2738	22
2739	29
2740	13
2741	21
2742	31
2743	35
2744	26
2745	26
2746	16
2747	28
2748	25
2749	26
2750	18
2751	25
2752	18
2753	24
2754	27
2755	25
2756	25
2757	28
2758	32
2759	19
2760	26
2761	28
2762	19
2763	28
2764	28
2765	28
2766	28
2767	23
2768	23
2769	28
2770	29
2771	18
2772	32
2773	37
2774	29
2775	22
2776	22
2777	28
2778	23
2779	31
2780	18
2781	24
2782	16
2783	25
2784	28
2785	24
2786	26
2787	27
2788	20
2789	20
2790	24
2791	27
2792	26
2793	32
2794	34
2795	21
2796	23
2797	15
2798	28
2799	23
2800	17
2801	23
2802	24
2803	24
2804	31
2805	21
2806	31
2807	26
2808	31
2809	21
2810	30
2811	32
2812	25
2813	26
2814	28
2815	27
2816	31
2817	24
2818	19
2819	20
2820	29
2821	26
2822	27
2823	29
2824	25
2825	14
2826	17
2827	34
2828	18
2829	25
2830	26
2831	29
2832	25
2833	32
2834	24
2835	30
2836	33
2837	22
2838	22
2839	31
2840	30
2841	28
2842	29
2843	16
2844	19
2845	22
2846	24
2847	27
2848	27
2849	26
2850	28
2851	20
2852	28
2853	26
2854	27
2855	21
2856	30
2857	24
2858	25
2859	24
2860	22
2861	30
2862	32
2863	25
2864	28
2865	35
2866	24
2867	16
2868	19
2869	21
2870	19
2871	26
2872	22
2873	26
2874	28
2875	33
2876	30
2877	22
2878	34
2879	17
2880	22
2881	39
2882	24
2883	23
2884	24
2885	23
2886	10
2887	25
2888	26
2889	28
2890	33
2891	24
2892	18
2893	24
2894	19
2895	22
2896	20
2897	23
2898	16
2899	27
2900	21
2901	28
2902	22
2903	18
2904	26
2905	24
2906	29
2907	36
2908	26
2909	24
2910	25
2911	34
2912	31
2913	26
2914	25
2915	21
2916	23
2917	22
2918	25
2919	20
2920	21
2921	24
2922	25
2923	25
2924	34
2925	25
2926	24
2927	20
2928	27
2929	27
2930	36
2931	17
2932	29
2933	30
2934	14
2935	29
2936	19
2937	29
2938	21
2939	25
2940	31
2941	25
2942	22
2943	19
2944	29
2945	18
2946	17
2947	30
2948	33
2949	27
2950	19
2951	20
2952	25
2953	25
2954	30
2955	17
2956	30
2957	15
2958	19
2959	23
2960	17
2961	32
2962	29
2963	17
2964	26
2965	33
2966	29
2967	28
2968	26
2969	17
2970	28
2971	27
2972	35
2973	22
2974	22
2975	33
2976	28
2977	18
2978	27
2979	30
2980	27
2981	26
2982	29
2983	23
2984	18
2985	19
2986	20
2987	16
2988	20
2989	30
2990	14
2991	30
2992	18
2993	25
2994	23
2995	34
2996	23
2997	25
2998	21
2999	20
3000	22
3001	24
3002	23
3003	29
3004	21
3005	14
3006	10
3007	21
3008	22
3009	23
3010	20
3011	17
3012	29
3013	27
3014	30
3015	24
3016	25
3017	24
3018	28
3019	34
3020	34
3021	29
3022	26
3023	31
3024	51
3025	46
3026	52
3027	53
3028	60
3029	49
3030	67
3031	70
3032	69
3033	60
3034	70
3035	57
3036	53
3037	36
3038	37
3039	38
3040	25
3041	22
3042	16
3043	21
3044	23
3045	25
3046	30
3047	23
3048	28
3049	24
3050	20
3051	29
3052	19
3053	25
3054	19
3055	32
3056	29
3057	23
3058	26
3059	28
3060	24
3061	15
3062	18
3063	17
3064	27
3065	27
3066	26
3067	25
3068	20
3069	35
3070	24
3071	26
3072	20
3073	19
3074	26
3075	14
3076	20
3077	26
3078	22
3079	28
3080	23
3081	22
3082	27
3083	28
3084	32
3085	30
3086	14
3087	21
3088	26
3089	21
3090	17
3091	31
3092	16
3093	14
3094	25
3095	31
3096	25
3097	28
3098	24
3099	23
3100	25
3101	22
3102	12
3103	25
3104	15
3105	22
3106	26
3107	20
3108	17
3109	26
3110	25
3111	18
3112	28
3113	30
3114	20
3115	22
3116	21
3117	30
3118	22
3119	25
3120	21
3121	20
3122	32
3123	23
3124	25
3125	32
3126	30
3127	23
3128	22
3129	29
3130	16
3131	22
3132	27
3133	23
3134	23
3135	25
3136	18
3137	16
3138	31
3139	22
3140	24
3141	23
3142	23
3143	26
3144	19
3145	19
3146	21
3147	27
3148	25
3149	31
3150	24
3151	28
3152	19
3153	32
3154	27
3155	25
3156	21
3157	35
3158	43
3159	37
3160	36
3161	39
3162	52
3163	51
3164	69
3165	61
3166	91
3167	77
3168	96
3169	91
3170	73
3171	67
3172	70
3173	63
3174	28
3175	55
3176	37
3177	30
3178	25
3179	21
3180	28
3181	22
3182	28
3183	22
3184	23
3185	18
3186	19
3187	31
3188	21
3189	17
3190	21
3191	23
3192	16
3193	24
3194	21
3195	25
3196	28
3197	19
3198	28
3199	28
3200	25
3201	21
3202	27
3203	31
3204	19
3205	21
3206	24
3207	24
3208	27
3209	18
3210	19
3211	17
3212	23
3213	24
3214	33
3215	26
3216	35
3217	28
3218	23
3219	24
3220	32
3221	22
3222	23
3223	19
3224	22
3225	23
3226	28
3227	15
3228	24
3229	22
3230	17
3231	26
3232	22
3233	24
3234	29
3235	25
3236	28
3237	26
3238	16
3239	30
3240	24
3241	22
3242	20
3243	28
3244	33
3245	17
3246	18
3247	20
3248	23
3249	24
3250	22
3251	16
3252	18
3253	20
3254	24
3255	27
3256	14
3257	15
3258	25
3259	21
3260	17
3261	27
3262	21
3263	16
3264	15
3265	19
3266	26
3267	19
3268	27
3269	24
3270	22
3271	17
3272	17
3273	26
3274	26
3275	22
3276	21
3277	26
3278	21
3279	21
3280	15
3281	17
3282	20
3283	16
3284	24
3285	18
3286	22
3287	24
3288	22
3289	20
3290	18
3291	26
3292	24
3293	23
3294	22
3295	21
3296	22
3297	16
3298	20
3299	22
3300	22
3301	19
3302	18
3303	20
3304	16
3305	26
3306	18
3307	19
3308	31
3309	18
3310	28
3311	22
3312	17
3313	23
3314	17
3315	16
3316	25
3317	21
3318	20
3319	18
3320	24
3321	18
3322	19
3323	28
3324	19
3325	29
3326	19
3327	25
3328	27
3329	21
3330	19
3331	21
3332	23
3333	25
3334	19
3335	25
3336	28
3337	20
3338	21
3339	20
3340	26
3341	13
3342	17
3343	26
3344	21
3345	15
3346	24
3347	26
3348	22
3349	17
3350	20
3351	28
3352	16
3353	17
3354	24
3355	19
3356	19
3357	32
3358	17
3359	19
3360	23
3361	25
3362	23
3363	27
3364	22
3365	24
3366	19
3367	20
3368	17
3369	21
3370	35
3371	25
3372	18
3373	22
3374	23
3375	22
3376	15
3377	21
3378	20
3379	25
3380	17
3381	19
3382	19
3383	23
3384	19
3385	17
3386	28
3387	21
3388	23
3389	27
3390	19
3391	23
3392	19
3393	18
3394	23
3395	20
3396	19
3397	30
3398	17
3399	26
3400	24
3401	18
3402	18
3403	16
3404	21
3405	30
3406	24
3407	18
3408	19
3409	20
3410	30
3411	28
3412	16
3413	17
3414	24
3415	23
3416	25
3417	21
3418	19
3419	20
3420	27
3421	28
3422	23
3423	24
3424	21
3425	28
3426	17
3427	31
3428	21
3429	17
3430	26
3431	23
3432	27
3433	29
3434	31
3435	41
3436	36
3437	38
3438	34
3439	41
3440	28
3441	53
3442	37
3443	32
3444	35
3445	36
3446	38
3447	30
3448	31
3449	27
3450	25
3451	32
3452	23
3453	32
3454	23
3455	17
3456	23
3457	23
3458	17
3459	34
3460	23
3461	26
3462	28
3463	22
3464	22
3465	14
3466	20
3467	25
3468	27
3469	31
3470	17
3471	25
3472	11
3473	19
3474	17
3475	16
3476	27
3477	27
3478	18
3479	17
3480	29
3481	17
3482	22
3483	23
3484	19
3485	20
3486	22
3487	11
3488	20
3489	18
3490	19
3491	23
3492	20
3493	25
3494	16
3495	16
3496	18
3497	17
3498	32
3499	27
3500	27
3501	20
3502	21
3503	22
3504	19
3505	21
3506	23
3507	21
3508	21
3509	24
3510	20
3511	13
3512	23
3513	19
3514	26
3515	23
3516	24
3517	26
3518	18
3519	23
3520	20
3521	25
3522	17
3523	25
3524	18
3525	20
3526	16
3527	14
3528	21
3529	19
3530	19
3531	22
3532	18
3533	25
3534	20
3535	19
3536	20
3537	20
3538	19
3539	25
3540	23
3541	21
3542	24
3543	22
3544	16
3545	20
3546	23
3547	31
3548	24
3549	17
3550	21
3551	22
3552	25
3553	19
3554	27
3555	18
3556	21
3557	19
3558	15
3559	28
3560	23
3561	23
3562	25
3563	24
3564	23
3565	12
3566	13
3567	14
3568	28
3569	16
3570	25
3571	29
3572	19
3573	20
3574	18
3575	22
3576	26
3577	22
3578	24
3579	15
3580	23
3581	16
3582	23
3583	16
3584	22
3585	18
3586	27
3587	21
3588	17
3589	19
3590	23
3591	29
3592	23
3593	24
3594	19
3595	19
3596	19
3597	22
3598	24
3599	20
3600	20
3601	20
3602	25
3603	20
3604	19
3605	19
3606	21
3607	16
3608	22
3609	13
3610	22
3611	19
3612	30
3613	22
3614	27
3615	25
3616	18
3617	31
3618	18
3619	26
3620	19
3621	22
3622	17
3623	17
3624	20
3625	19
3626	18
3627	22
3628	22
3629	23
3630	20
3631	15
3632	15
3633	24
3634	26
3635	21
3636	21
3637	14
3638	21
3639	25
3640	24
3641	19
3642	24
3643	13
3644	26
3645	14
3646	19
3647	32
3648	20
3649	30
3650	15
3651	19
3652	29
3653	16
3654	27
3655	16
3656	20
3657	23
3658	25
3659	19
3660	13
3661	24
3662	19
3663	29
3664	19
3665	16
3666	21
3667	26
3668	21
3669	22
3670	17
3671	28
3672	22
3673	20
3674	17
3675	20
3676	34
3677	17
3678	20
3679	14
3680	23
3681	20
3682	28
3683	15
3684	18
3685	24
3686	27
3687	22
3688	26
3689	16
3690	18
3691	12
3692	14
3693	21
3694	20
3695	19
3696	24
3697	16
3698	21
3699	22
3700	17
3701	30
3702	20
3703	22
3704	19
3705	23
3706	14
3707	20
3708	28
3709	23
3710	20
3711	21
3712	23
3713	18
3714	18
3715	19
3716	15
3717	23
3718	20
3719	21
3720	25
3721	16
3722	21
3723	18
3724	17
3725	16
3726	17
3727	22
3728	21
3729	22
3730	24
3731	24
3732	18
3733	17
3734	21
3735	17
3736	21
3737	25
3738	21
3739	22
3740	19
3741	15
3742	19
3743	16
3744	25
3745	24
3746	28
3747	18
3748	20
3749	25
3750	18
3751	18
3752	18
3753	26
3754	18
3755	15
3756	25
3757	12
3758	26
3759	26
3760	25
3761	25
3762	16
3763	17
3764	28
3765	25
3766	41
3767	20
3768	21
3769	15
3770	25
3771	21
3772	18
3773	20
3774	19
3775	15
3776	22
3777	21
3778	23
3779	21
3780	21
3781	21
3782	28
3783	21
3784	23
3785	26
3786	32
3787	29
3788	30
3789	23
3790	21
3791	32
3792	22
3793	29
3794	22
3795	19
3796	17
3797	21
3798	19
3799	18
3800	21
3801	25
3802	18
3803	25
3804	19
3805	23
3806	20
3807	24
3808	20
3809	20
3810	19
3811	18
3812	19
3813	23
3814	21
3815	14
3816	19
3817	20
3818	20
3819	15
3820	19
3821	30
3822	17
3823	21
3824	24
3825	15
3826	27
3827	22
3828	16
3829	16
3830	14
3831	13
3832	21
3833	22
3834	21
3835	21
3836	30
3837	18
3838	18
3839	19
3840	17
3841	21
3842	16
3843	24
3844	24
3845	19
3846	16
3847	15
3848	19
3849	24
3850	20
3851	14
3852	17
3853	23
3854	16
3855	11
3856	12
3857	16
3858	27
3859	22
3860	26
3861	15
3862	35
3863	18
3864	10
3865	22
3866	16
3867	25
3868	28
3869	22
3870	20
3871	19
3872	12
3873	25
3874	11
3875	23
3876	23
3877	25
3878	20
3879	24
3880	27
3881	17
3882	22
3883	21
3884	19
3885	16
3886	15
3887	18
3888	17
3889	23
3890	21
3891	16
3892	14
3893	23
3894	18
3895	19
3896	22
3897	15
3898	23
3899	20
3900	22
3901	20
3902	23
3903	19
3904	13
3905	19
3906	22
3907	26
3908	19
3909	22
3910	13
3911	17
3912	16
3913	21
3914	15
3915	23
3916	16
3917	20
3918	21
3919	19
3920	17
3921	22
3922	16
3923	23
3924	23
3925	20
3926	20
3927	20
3928	27
3929	20
3930	18
3931	23
3932	17
3933	21
3934	19
3935	15
3936	16
3937	13
3938	12
3939	24
3940	14
3941	18
3942	22
3943	22
3944	19
3945	14
3946	17
3947	25
3948	10
3949	18
3950	16
3951	17
3952	18
3953	25
3954	18
3955	20
3956	20
3957	23
3958	11
3959	16
3960	21
3961	24
3962	12
3963	13
3964	17
3965	14
3966	18
3967	15
3968	15
3969	17
3970	13
3971	26
3972	19
3973	21
3974	21
3975	16
3976	22
3977	24
3978	23
3979	22
3980	19
3981	16
3982	20
3983	15
3984	24
3985	27
3986	22
3987	16
3988	16
3989	20
3990	19
3991	16
3992	19
3993	28
3994	25
3995	19
3996	22
3997	26
3998	16
3999	25
4000	19
4001	21
4002	21
4003	20
4004	23
4005	18
4006	16
4007	22
4008	23
4009	18
4010	19
4011	17
4012	15
4013	17
4014	20
4015	18
4016	19
4017	25
4018	13
4019	16
4020	26
4021	19
4022	14
4023	24
4024	20
4025	24
4026	24
4027	16
4028	23
4029	14
4030	20
4031	27
4032	17
4033	24
4034	19
4035	17
4036	19
4037	14
4038	15
4039	13
4040	21
4041	19
4042	15
4043	21
4044	19
4045	18
4046	12
4047	19
4048	14
4049	16
4050	19
4051	14
4052	22
4053	10
4054	13
4055	16
4056	23
4057	21
4058	16
4059	25
4060	23
4061	16
4062	18
4063	14
4064	21
4065	21
4066	14
4067	19
4068	26
4069	19
4070	14
4071	19
4072	22
4073	21
4074	16
4075	24
4076	23
4077	21
4078	21
4079	21
4080	29
4081	22
4082	16
4083	29
4084	26
4085	19
4086	25
4087	12
4088	18
4089	20
4090	23
4091	27
4092	24
4093	15
4094	20
4095	24
4096	18
4097	17
4098	22
4099	21
4100	22
4101	23
4102	19
4103	12
4104	22
4105	22
4106	21
4107	24
4108	21
4109	15
4110	18
4111	16
4112	23
4113	23
4114	14
4115	21
4116	18
4117	13
4118	13
4119	12
4120	13
4121	20
4122	19
4123	20
4124	16
4125	19
4126	26
4127	14
4128	18
4129	11
4130	20
4131	24
4132	24
4133	19
4134	21
4135	19
4136	19
4137	34
4138	34
4139	24
4140	12
4141	31
4142	19
4143	30
4144	17
4145	28
4146	23
4147	22
4148	19
4149	15
4150	26
4151	31
4152	21
4153	22
4154	15
4155	13
4156	17
4157	19
4158	17
4159	12
4160	16
4161	19
4162	21
4163	22
4164	15
4165	25
4166	18
4167	20
4168	19
4169	20
4170	14
4171	13
4172	16
4173	13
4174	27
4175	25
4176	17
4177	18
4178	21
4179	28
4180	13
4181	17
4182	16
4183	16
4184	17
4185	18
4186	30
4187	20
4188	20
4189	14
4190	16
4191	21
4192	21
4193	20
4194	15
4195	23
4196	12
4197	20
4198	16
4199	29
4200	15
4201	13
4202	21
4203	23
4204	19
4205	21
4206	22
4207	22
4208	13
4209	19
4210	14
4211	18
4212	23
4213	15
4214	22
4215	19
4216	20
4217	26
4218	19
4219	16
4220	13
4221	16
4222	17
4223	19
4224	17
4225	17
4226	19
4227	13
4228	17
4229	23
4230	21
4231	19
4232	19
4233	24
4234	17
4235	22
4236	18
4237	22
4238	24
4239	20
4240	16
4241	18
4242	17
4243	12
4244	12
4245	13
4246	18
4247	19
4248	20
4249	15
4250	22
4251	18
4252	23
4253	12
4254	16
4255	6
4256	16
4257	18
4258	14
4259	17
4260	16
4261	11
4262	16
4263	7
4264	15
4265	16
4266	23
4267	17
4268	8
4269	14
4270	21
4271	16
4272	17
4273	14
4274	16
4275	16
4276	18
4277	21
4278	20
4279	29
4280	11
4281	17
4282	23
4283	15
4284	24
4285	27
4286	13
4287	13
4288	13
4289	16
4290	17
4291	19
4292	20
4293	12
4294	28
4295	13
4296	16
4297	22
4298	11
4299	12
4300	13
4301	16
4302	15
4303	21
4304	19
4305	18
4306	27
4307	16
4308	16
4309	21
4310	19
4311	22
4312	19
4313	12
4314	18
4315	12
4316	23
4317	22
4318	19
4319	22
4320	19
4321	20
4322	21
4323	28
4324	20
4325	14
4326	22
4327	19
4328	19
4329	20
4330	21
4331	17
4332	13
4333	25
4334	13
4335	21
4336	15
4337	18
4338	19
4339	18
4340	22
4341	18
4342	8
4343	17
4344	18
4345	12
4346	26
4347	20
4348	17
4349	16
4350	21
4351	19
4352	18
4353	15
4354	17
4355	21
4356	26
4357	18
4358	17
4359	12
4360	20
4361	16
4362	19
4363	21
4364	20
4365	17
4366	21
4367	14
4368	20
4369	11
4370	18
4371	21
4372	16
4373	16
4374	12
4375	18
4376	22
4377	23
4378	21
4379	17
4380	19
4381	15
4382	13
4383	17
4384	13
4385	13
4386	18
4387	19
4388	15
4389	22
4390	15
4391	21
4392	19
4393	21
4394	23
4395	27
4396	16
4397	15
4398	8
4399	14
4400	18
4401	22
4402	17
4403	11
4404	17
4405	11
4406	20
4407	22
4408	12
4409	21
4410	18
4411	12
4412	23
4413	20
4414	19
4415	25
4416	13
4417	17
4418	16
4419	20
4420	21
4421	17
4422	23
4423	24
4424	19
4425	23
4426	17
4427	12
4428	16
4429	20
4430	20
4431	14
4432	17
4433	22
4434	23
4435	20
4436	15
4437	21
4438	17
4439	20
4440	13
4441	16
4442	22
4443	13
4444	23
4445	23
4446	23
4447	18
4448	8
4449	14
4450	20
4451	18
4452	19
4453	18
4454	7
4455	14
4456	13
4457	17
4458	21
4459	17
4460	14
4461	16
4462	23
4463	19
4464	16
4465	17
4466	13
4467	20
4468	21
4469	20
4470	13
4471	17
4472	16
4473	15
4474	15
4475	20
4476	22
4477	23
4478	18
4479	20
4480	19
4481	24
4482	25
4483	22
4484	22
4485	18
4486	18
4487	17
4488	23
4489	19
4490	20
4491	22
4492	14
4493	11
4494	13
4495	26
4496	17
4497	19
4498	11
4499	18
4500	11
4501	14
4502	20
4503	18
4504	11
4505	16
4506	21
4507	15
4508	22
4509	15
4510	17
4511	19
4512	14
4513	9
4514	16
4515	18
4516	15
4517	14
4518	13
4519	13
4520	11
4521	19
4522	17
4523	27
4524	25
4525	19
4526	18
4527	13
4528	15
4529	20
4530	31
4531	21
4532	14
4533	18
4534	14
4535	8
4536	16
4537	12
4538	11
4539	23
4540	18
4541	17
4542	27
4543	25
4544	19
4545	13
4546	19
4547	16
4548	15
4549	24
4550	10
4551	14
4552	24
4553	20
4554	13
4555	18
4556	14
4557	15
4558	9
4559	14
4560	12
4561	15
4562	12
4563	22
4564	20
4565	19
4566	10
4567	19
4568	18
4569	19
4570	19
4571	21
4572	18
4573	20
4574	16
4575	19
4576	23
4577	14
4578	15
4579	15
4580	16
4581	15
4582	19
4583	12
4584	16
4585	17
4586	14
4587	12
4588	16
4589	14
4590	17
4591	21
4592	15
4593	16
4594	15
4595	20
4596	12
4597	18
4598	14
4599	14
4600	14
4601	18
4602	15
4603	12
4604	14
4605	17
4606	14
4607	15
4608	16
4609	17
4610	21
4611	15
4612	13
4613	20
4614	10
4615	18
4616	19
4617	16
4618	17
4619	21
4620	11
4621	22
4622	19
4623	16
4624	15
4625	9
4626	13
4627	18
4628	20
4629	10
4630	13
4631	18
4632	25
4633	12
4634	17
4635	31
4636	11
4637	18
4638	12
4639	16
4640	13
4641	11
4642	15
4643	16
4644	20
4645	17
4646	16
4647	14
4648	10
4649	22
4650	17
4651	7
4652	16
4653	22
4654	22
4655	15
4656	13
4657	10
4658	16
4659	13
4660	12
4661	13
4662	13
4663	14
4664	18
4665	12
4666	13
4667	21
4668	17
4669	9
4670	18
4671	10
4672	21
4673	16
4674	15
4675	18
4676	16
4677	16
4678	20
4679	16
4680	20
4681	14
4682	17
4683	16
4684	9
4685	13
4686	10
4687	14
4688	13
4689	20
4690	10
4691	12
4692	18
4693	13
4694	18
4695	17
4696	19
4697	20
4698	16
4699	15
4700	10
4701	15
4702	16
4703	13
4704	16
4705	14
4706	24
4707	29
4708	15
4709	12
4710	15
4711	16
4712	9
4713	14
4714	14
4715	15
4716	15
4717	10
4718	25
4719	19
4720	25
4721	18
4722	15
4723	16
4724	19
4725	18
4726	13
4727	15
4728	16
4729	31
4730	17
4731	14
4732	19
4733	19
4734	12
4735	21
4736	15
4737	22
4738	14
4739	26
4740	30
4741	26
4742	31
4743	24
4744	35
4745	35
4746	30
4747	43
4748	48
4749	36
4750	40
4751	41
4752	42
4753	34
4754	34
4755	35
4756	26
4757	33
4758	30
4759	29
4760	26
4761	12
4762	17
4763	24
4764	19
4765	12
4766	15
4767	19
4768	19
4769	19
4770	17
4771	14
4772	15
4773	15
4774	13
4775	20
4776	13
4777	15
4778	8
4779	19
4780	19
4781	12
4782	15
4783	12
4784	23
4785	13
4786	15
4787	14
4788	16
4789	23
4790	17
4791	19
4792	15
4793	16
4794	23
4795	14
4796	13
4797	20
4798	10
4799	18
4800	21
4801	14
4802	10
4803	19
4804	18
4805	15
4806	11
4807	18
4808	17
4809	17
4810	15
4811	19
4812	20
4813	16
4814	11
4815	19
4816	15
4817	14
4818	20
4819	18
4820	13
4821	12
4822	12
4823	15
4824	14
4825	20
4826	20
4827	17
4828	20
4829	11
4830	11
4831	10
4832	16
4833	16
4834	18
4835	10
4836	16
4837	15
4838	13
4839	6
4840	12
4841	19
4842	17
4843	10
4844	16
4845	24
4846	10
4847	13
4848	19
4849	18
4850	9
4851	15
4852	17
4853	19
4854	15
4855	16
4856	12
4857	16
4858	11
4859	13
4860	14
4861	21
4862	15
4863	21
4864	17
4865	10
4866	20
4867	18
4868	20
4869	19
4870	22
4871	11
4872	15
4873	18
4874	18
4875	25
4876	15
4877	21
4878	12
4879	21
4880	19
4881	10
4882	17
4883	14
4884	11
4885	21
4886	9
4887	16
4888	12
4889	5
4890	16
4891	9
4892	18
4893	12
4894	17
4895	18
4896	8
4897	20
4898	12
4899	12
4900	14
4901	9
4902	7
4903	20
4904	13
4905	21
4906	6
4907	10
4908	13
4909	9
4910	16
4911	17
4912	11
4913	16
4914	16
4915	17
4916	19
4917	12
4918	16
4919	15
4920	13
4921	15
4922	19
4923	16
4924	17
4925	15
4926	13
4927	18
4928	17
4929	18
4930	13
4931	21
4932	22
4933	14
4934	13
4935	19
4936	13
4937	15
4938	27
4939	18
4940	17
4941	17
4942	16
4943	13
4944	10
4945	14
4946	18
4947	19
4948	17
4949	14
4950	13
4951	16
4952	20
4953	23
4954	12
4955	28
4956	14
4957	17
4958	18
4959	17
4960	20
4961	16
4962	9
4963	20
4964	15
4965	21
4966	20
4967	15
4968	13
4969	22
4970	21
4971	11
4972	16
4973	9
4974	13
4975	14
4976	11
4977	13
4978	9
4979	24
4980	4
4981	13
4982	14
4983	12
4984	15
4985	12
4986	16
4987	12
4988	13
4989	13
4990	14
4991	10
4992	10
4993	12
4994	10
4995	17
4996	9
4997	16
4998	13
4999	14
5000	12
5001	13
5002	16
5003	19
5004	21
5005	21
5006	16
5007	10
5008	13
5009	18
5010	14
5011	14
5012	12
5013	22
5014	21
5015	15
5016	16
5017	11
5018	14
5019	16
5020	20
5021	9
5022	10
5023	21
5024	19
5025	15
5026	26
5027	21
5028	24
5029	23
5030	33
5031	22
5032	26
5033	20
5034	20
5035	25
5036	18
5037	23
5038	15
5039	18
5040	16
5041	25
5042	25
5043	27
5044	17
5045	35
5046	22
5047	30
5048	17
5049	23
5050	30
5051	33
5052	22
5053	29
5054	35
5055	29
5056	23
5057	20
5058	25
5059	24
5060	33
5061	22
5062	19
5063	12
5064	24
5065	16
5066	21
5067	13
5068	11
5069	10
5070	17
5071	13
5072	15
5073	13
5074	16
5075	17
5076	19
5077	22
5078	16
5079	17
5080	10
5081	19
5082	13
5083	11
5084	12
5085	17
5086	16
5087	9
5088	15
5089	16
5090	15
5091	14
5092	12
5093	19
5094	16
5095	14
5096	18
5097	5
5098	13
5099	21
5100	18
5101	18
5102	16
5103	13
5104	10
5105	15
5106	18
5107	17
5108	20
5109	14
5110	12
5111	6
5112	14
5113	24
5114	11
5115	12
5116	11
5117	16
5118	14
5119	15
5120	15
5121	13
5122	17
5123	19
5124	14
5125	12
5126	14
5127	18
5128	17
5129	22
5130	15
5131	7
5132	19
5133	11
5134	7
5135	15
5136	12
5137	14
5138	14
5139	11
5140	18
5141	16
5142	10
5143	10
5144	22
5145	14
5146	15
5147	14
5148	14
5149	17
5150	17
5151	18
5152	14
5153	13
5154	13
5155	16
5156	13
5157	18
5158	13
5159	11
5160	15
5161	15
5162	13
5163	23
5164	13
5165	21
5166	12
5167	10
5168	22
5169	20
5170	19
5171	17
5172	18
5173	18
5174	10
5175	15
5176	17
5177	16
5178	13
5179	16
5180	14
5181	8
5182	14
5183	12
5184	16
5185	15
5186	7
5187	22
5188	14
5189	17
5190	17
5191	12
5192	13
5193	11
5194	17
5195	10
5196	19
5197	16
5198	11
5199	20
5200	18
5201	11
5202	10
5203	17
5204	23
5205	14
5206	16
5207	16
5208	9
5209	13
5210	17
5211	12
5212	10
5213	22
5214	12
5215	12
5216	17
5217	19
5218	21
5219	16
5220	14
5221	16
5222	19
5223	12
5224	17
5225	14
5226	14
5227	16
5228	19
5229	18
5230	18
5231	18
5232	18
5233	12
5234	18
5235	12
5236	20
5237	15
5238	11
5239	15
5240	12
5241	15
5242	12
5243	12
5244	14
5245	16
5246	14
5247	15
5248	12
5249	12
5250	14
5251	15
5252	16
5253	16
5254	10
5255	9
5256	16
5257	18
5258	21
5259	19
5260	12
5261	14
5262	18
5263	12
5264	12
5265	14
5266	14
5267	15
5268	9
5269	11
5270	15
5271	13
5272	19
5273	17
5274	19
5275	11
5276	14
5277	18
5278	18
5279	11
5280	12
5281	12
5282	16
5283	12
5284	18
5285	12
5286	18
5287	13
5288	13
5289	8
5290	20
5291	16
5292	14
5293	15
5294	13
5295	10
5296	20
5297	17
5298	14
5299	13
5300	11
5301	9
5302	14
5303	14
5304	9
5305	16
5306	12
5307	14
5308	12
5309	14
5310	12
5311	12
5312	11
5313	6
5314	20
5315	16
5316	12
5317	17
5318	17
5319	17
5320	15
5321	18
5322	19
5323	12
5324	20
5325	13
5326	13
5327	23
5328	20
5329	16
5330	19
5331	14
5332	13
5333	14
5334	16
5335	7
5336	13
5337	18
5338	11
5339	8
5340	13
5341	12
5342	14
5343	20
5344	17
5345	12
5346	13
5347	10
5348	21
5349	10
5350	6
5351	6
5352	16
5353	11
5354	9
5355	12
5356	13
5357	14
5358	10
5359	15
5360	17
5361	14
5362	15
5363	11
5364	7
5365	12
5366	7
5367	12
5368	20
5369	16
5370	12
5371	7
5372	10
5373	6
5374	15
5375	11
5376	18
5377	15
5378	13
5379	14
5380	22
5381	15
5382	8
5383	11
5384	16
5385	15
5386	13
5387	15
5388	16
5389	9
5390	18
5391	13
5392	14
5393	17
5394	13
5395	17
5396	15
5397	16
5398	15
5399	17
5400	10
5401	16
5402	16
5403	17
5404	16
5405	18
5406	5
5407	10
5408	12
5409	10
5410	15
5411	18
5412	16
5413	13
5414	15
5415	13
5416	12
5417	11
5418	10
5419	15
5420	13
5421	16
5422	19
5423	10
5424	11
5425	17
5426	13
5427	9
5428	14
5429	16
5430	12
5431	11
5432	10
5433	7
5434	17
5435	12
5436	6
5437	16
5438	13
5439	10
5440	15
5441	12
5442	13
5443	15
5444	8
5445	12
5446	12
5447	10
5448	10
5449	18
5450	12
5451	13
5452	23
5453	15
5454	13
5455	13
5456	11
5457	14
5458	16
5459	17
5460	12
5461	16
5462	9
5463	17
5464	17
5465	10
5466	13
5467	18
5468	11
5469	13
5470	18
5471	11
5472	11
5473	8
5474	19
5475	5
5476	20
5477	20
5478	8
5479	14
5480	14
5481	15
5482	18
5483	9
5484	15
5485	14
5486	17
5487	23
5488	13
5489	14
5490	18
5491	14
5492	15
5493	18
5494	18
5495	7
5496	13
5497	13
5498	18
5499	18
5500	11
5501	12
5502	15
5503	13
5504	15
5505	11
5506	9
5507	21
5508	14
5509	17
5510	10
5511	11
5512	11
5513	16
5514	16
5515	9
5516	20
5517	14
5518	12
5519	9
5520	18
5521	14
5522	17
5523	14
5524	11
5525	12
5526	18
5527	12
5528	18
5529	19
5530	20
5531	13
5532	9
5533	15
5534	8
5535	23
5536	13
5537	12
5538	15
5539	11
5540	17
5541	6
5542	11
5543	27
5544	17
5545	12
5546	13
5547	10
5548	15
5549	18
5550	13
5551	11
5552	12
5553	13
5554	17
5555	21
5556	14
5557	13
5558	15
5559	17
5560	10
5561	13
5562	8
5563	18
5564	14
5565	13
5566	16
5567	15
5568	14
5569	9
5570	13
5571	18
5572	11
5573	11
5574	14
5575	11
5576	15
5577	13
5578	20
5579	18
5580	16
5581	8
5582	17
5583	23
5584	20
5585	23
5586	11
5587	15
5588	15
5589	18
5590	21
5591	12
5592	10
5593	7
5594	10
5595	14
5596	18
5597	13
5598	14
5599	20
5600	15
5601	17
5602	19
5603	10
5604	10
5605	16
5606	8
5607	19
5608	8
5609	13
5610	20
5611	8
5612	25
5613	10
5614	7
5615	19
5616	19
5617	18
5618	12
5619	12
5620	11
5621	15
5622	11
5623	9
5624	13
5625	10
5626	18
5627	12
5628	16
5629	9
5630	18
5631	12
5632	10
5633	9
5634	13
5635	16
5636	11
5637	7
5638	10
5639	20
5640	7
5641	17
5642	10
5643	18
5644	13
5645	10
5646	15
5647	15
5648	11
5649	18
5650	15
5651	20
5652	10
5653	17
5654	8
5655	18
5656	9
5657	13
5658	10
5659	11
5660	12
5661	9
5662	17
5663	19
5664	15
5665	12
5666	17
5667	17
5668	13
5669	15
5670	14
5671	18
5672	15
5673	14
5674	2
5675	12
5676	9
5677	21
5678	10
5679	9
5680	11
5681	14
5682	12
5683	16
5684	10
5685	17
5686	15
5687	12
5688	13
5689	20
5690	10
5691	14
5692	15
5693	16
5694	18
5695	14
5696	8
5697	12
5698	17
5699	15
5700	14
5701	11
5702	19
5703	16
5704	12
5705	15
5706	16
5707	8
5708	13
5709	16
5710	8
5711	11
5712	14
5713	13
5714	11
5715	21
5716	13
5717	18
5718	12
5719	18
5720	17
5721	11
5722	13
5723	14
5724	13
5725	5
5726	11
5727	13
5728	14
5729	11
5730	17
5731	12
5732	13
5733	13
5734	17
5735	11
5736	20
5737	17
5738	19
5739	14
5740	19
5741	13
5742	9
5743	17
5744	14
5745	14
5746	11
5747	12
5748	11
5749	14
5750	18
5751	19
5752	13
5753	10
5754	17
5755	15
5756	8
5757	22
5758	10
5759	15
5760	12
5761	16
5762	19
5763	16
5764	23
5765	20
5766	14
5767	13
5768	8
5769	17
5770	12
5771	12
5772	6
5773	12
5774	19
5775	14
5776	15
5777	10
5778	13
5779	13
5780	10
5781	12
5782	14
5783	14
5784	8
5785	12
5786	14
5787	8
5788	15
5789	17
5790	12
5791	9
5792	17
5793	16
5794	14
5795	15
5796	13
5797	19
5798	14
5799	14
5800	17
5801	18
5802	6
5803	15
5804	9
5805	16
5806	12
5807	16
5808	9
5809	12
5810	9
5811	10
5812	16
5813	11
5814	9
5815	17
5816	12
5817	16
5818	11
5819	12
5820	9
5821	16
5822	12
5823	9
5824	11
5825	14
5826	15
5827	15
5828	12
5829	11
5830	19
5831	12
5832	22
5833	12
5834	14
5835	16
5836	14
5837	14
5838	15
5839	30
5840	20
5841	16
5842	23
5843	22
5844	28
5845	37
5846	27
5847	38
5848	21
5849	23
5850	15
5851	28
5852	23
5853	23
5854	28
5855	17
5856	14
5857	11
5858	12
5859	22
5860	13
5861	16
5862	19
5863	10
5864	15
5865	12
5866	10
5867	12
5868	10
5869	13
5870	17
5871	16
5872	11
5873	10
5874	15
5875	16
5876	8
5877	9
5878	9
5879	7
5880	18
5881	15
5882	5
5883	13
5884	14
5885	11
5886	13
5887	11
5888	17
5889	19
5890	14
5891	11
5892	13
5893	14
5894	15
5895	6
5896	12
5897	9
5898	18
5899	12
5900	19
5901	9
5902	13
5903	9
5904	16
5905	22
5906	15
5907	17
5908	14
5909	9
5910	14
5911	9
5912	14
5913	10
5914	9
5915	17
5916	12
5917	12
5918	11
5919	14
5920	15
5921	7
5922	10
5923	14
5924	17
5925	22
5926	14
5927	15
5928	13
5929	11
5930	15
5931	14
5932	16
5933	12
5934	11
5935	13
5936	18
5937	17
5938	16
5939	15
5940	12
5941	20
5942	14
5943	9
5944	22
5945	13
5946	13
5947	12
5948	15
5949	5
5950	12
5951	10
5952	14
5953	12
5954	13
5955	19
5956	16
5957	16
5958	17
5959	17
5960	12
5961	17
5962	11
5963	13
5964	11
5965	16
5966	15
5967	17
5968	10
5969	17
5970	13
5971	9
5972	16
5973	13
5974	12
5975	9
5976	21
5977	13
5978	18
5979	17
5980	12
5981	11
5982	10
5983	9
5984	8
5985	9
5986	24
5987	12
5988	20
5989	19
5990	14
5991	15
5992	18
5993	21
5994	19
5995	15
5996	19
5997	13
5998	17
5999	8
6000	23
6001	17
6002	14
6003	7
6004	16
6005	14
6006	9
6007	18
6008	12
6009	10
6010	9
6011	14
6012	14
6013	10
6014	13
6015	13
6016	14
6017	6
6018	11
6019	10
6020	16
6021	11
6022	15
6023	19
6024	16
6025	18
6026	12
6027	18
6028	16
6029	19
6030	20
6031	17
6032	12
6033	12
6034	16
6035	11
6036	16
6037	17
6038	17
6039	27
6040	18
6041	16
6042	13
6043	20
6044	12
6045	14
6046	12
6047	21
6048	21
6049	8
6050	14
6051	21
6052	19
6053	16
6054	13
6055	12
6056	11
6057	13
6058	14
6059	12
6060	12
6061	12
6062	21
6063	13
6064	7
6065	8
6066	12
6067	10
6068	14
6069	8
6070	16
6071	14
6072	16
6073	15
6074	10
6075	16
6076	12
6077	9
6078	14
6079	16
6080	14
6081	20
6082	10
6083	9
6084	22
6085	10
6086	10
6087	13
6088	12
6089	17
6090	10
6091	13
6092	17
6093	14
6094	12
6095	12
6096	14
6097	5
6098	10
6099	21
6100	9
6101	19
6102	17
6103	12
6104	13
6105	17
6106	19
6107	13
6108	10
6109	16
6110	6
6111	14
6112	21
6113	11
6114	12
6115	8
6116	8
6117	12
6118	18
6119	14
6120	13
6121	11
6122	11
6123	12
6124	7
6125	12
6126	15
6127	16
6128	12
6129	18
6130	18
6131	12
6132	17
6133	14
6134	7
6135	11
6136	11
6137	10
6138	10
6139	13
6140	18
6141	14
6142	12
6143	17
6144	18
6145	11
6146	16
6147	10
6148	15
6149	16
6150	11
6151	13
6152	15
6153	9
6154	16
6155	11
6156	13
6157	13
6158	12
6159	10
6160	18
6161	16
6162	15
6163	13
6164	18
6165	16
6166	13
6167	7
6168	16
6169	12
6170	10
6171	19
6172	8
6173	11
6174	12
6175	10
6176	9
6177	8
6178	10
6179	12
6180	17
6181	12
6182	8
6183	11
6184	14
6185	16
6186	19
6187	15
6188	9
6189	13
6190	18
6191	17
6192	8
6193	9
6194	7
6195	16
6196	8
6197	12
6198	11
6199	17
6200	13
6201	12
6202	11
6203	17
6204	11
6205	21
6206	11
6207	10
6208	10
6209	10
6210	12
6211	16
6212	8
6213	14
6214	14
6215	17
6216	19
6217	15
6218	12
6219	11
6220	16
6221	13
6222	13
6223	15
6224	11
6225	8
6226	13
6227	19
6228	13
6229	17
6230	13
6231	9
6232	16
6233	13
6234	13
6235	10
6236	26
6237	16
6238	17
6239	15
6240	16
6241	10
6242	17
6243	14
6244	19
6245	12
6246	12
6247	14
6248	15
6249	8
6250	25
6251	15
6252	5
6253	16
6254	11
6255	19
6256	15
6257	10
6258	11
6259	22
6260	18
6261	10
6262	10
6263	20
6264	13
6265	16
6266	13
6267	10
6268	11
6269	12
6270	16
6271	9
6272	13
6273	14
6274	18
6275	12
6276	10
6277	17
6278	15
6279	12
6280	16
6281	17
6282	13
6283	17
6284	14
6285	16
6286	18
6287	11
6288	13
6289	11
6290	11
6291	13
6292	24
6293	14
6294	12
6295	13
6296	22
6297	14
6298	22
6299	18
6300	19
6301	10
6302	15
6303	9
6304	15
6305	11
6306	19
6307	24
6308	16
6309	8
6310	18
6311	13
6312	9
6313	16
6314	13
6315	12
6316	16
6317	12
6318	13
6319	15
6320	18
6321	13
6322	14
6323	15
6324	15
6325	11
6326	13
6327	16
6328	18
6329	19
6330	16
6331	15
6332	15
6333	10
6334	20
6335	18
6336	12
6337	9
6338	11
6339	16
6340	8
6341	14
6342	23
6343	18
6344	14
6345	18
6346	12
6347	14
6348	18
6349	20
6350	16
6351	10
6352	20
6353	14
6354	14
6355	15
6356	11
6357	16
6358	13
6359	14
6360	17
6361	14
6362	15
6363	17
6364	11
6365	15
6366	21
6367	9
6368	6
6369	16
6370	19
6371	8
6372	13
6373	10
6374	11
6375	6
6376	19
6377	14
6378	8
6379	10
6380	17
6381	15
6382	13
6383	18
6384	12
6385	20
6386	10
6387	13
6388	19
6389	9
6390	10
6391	11
6392	12
6393	16
6394	10
6395	13
6396	11
6397	16
6398	11
6399	19
6400	15
6401	15
6402	17
6403	19
6404	16
6405	15
6406	19
6407	15
6408	13
6409	14
6410	9
6411	13
6412	14
6413	8
6414	14
6415	8
6416	17
6417	14
6418	19
6419	7
6420	14
6421	17
6422	20
6423	17
6424	18
6425	18
6426	11
6427	15
6428	12
6429	12
6430	15
6431	16
6432	12
6433	21
6434	20
6435	14
6436	9
6437	16
6438	13
6439	17
6440	16
6441	12
6442	7
6443	13
6444	13
6445	21
6446	11
6447	8
6448	14
6449	22
6450	17
6451	22
6452	17
6453	11
6454	17
6455	19
6456	18
6457	25
6458	12
6459	18
6460	14
6461	14
6462	16
6463	13
6464	16
6465	18
6466	20
6467	26
6468	22
6469	17
6470	10
6471	22
6472	14
6473	14
6474	19
6475	15
6476	12
6477	15
6478	10
6479	18
6480	17
6481	14
6482	19
6483	16
6484	25
6485	15
6486	17
6487	12
6488	12
6489	12
6490	11
6491	15
6492	11
6493	9
6494	15
6495	13
6496	12
6497	14
6498	16
6499	13
6500	14
6501	9
6502	8
6503	10
6504	15
6505	10
6506	12
6507	10
6508	15
6509	10
6510	13
6511	16
6512	11
6513	16
6514	11
6515	10
6516	13
6517	13
6518	10
6519	10
6520	12
6521	11
6522	7
6523	13
6524	13
6525	13
6526	10
6527	7
6528	13
6529	6
6530	7
6531	4
6532	8
6533	7
6534	14
6535	9
6536	12
6537	9
6538	10
6539	10
6540	13
6541	13
6542	9
6543	10
6544	12
6545	5
6546	10
6547	11
6548	9
6549	8
6550	14
6551	17
6552	12
6553	11
6554	17
6555	12
6556	9
6557	14
6558	7
6559	13
6560	10
6561	10
6562	14
6563	7
6564	16
6565	7
6566	10
6567	15
6568	15
6569	9
6570	11
6571	12
6572	11
6573	8
6574	14
6575	18
6576	8
6577	12
6578	14
6579	10
6580	11
6581	14
6582	12
6583	10
6584	6
6585	13
6586	15
6587	9
6588	12
6589	13
6590	9
6591	13
6592	11
6593	7
6594	11
6595	8
6596	10
6597	6
6598	14
6599	11
6600	9
6601	17
6602	7
6603	12
6604	9
6605	5
6606	17
6607	12
6608	8
6609	9
6610	8
6611	7
6612	11
6613	5
6614	8
6615	14
6616	16
6617	11
6618	7
6619	10
6620	5
6621	8
6622	7
6623	13
6624	13
6625	7
6626	10
6627	9
6628	9
6629	13
6630	11
6631	9
6632	5
6633	15
6634	8
6635	16
6636	12
6637	11
6638	11
6639	13
6640	9
6641	10
6642	12
6643	11
6644	11
6645	12
6646	11
6647	13
6648	9
6649	8
6650	17
6651	13
6652	9
6653	11
6654	16
6655	10
6656	10
6657	8
6658	11
6659	12
6660	8
6661	5
6662	15
6663	12
6664	6
6665	6
6666	10
6667	13
6668	8
6669	15
6670	6
6671	6
6672	11
6673	7
6674	12
6675	15
6676	10
6677	10
6678	5
6679	10
6680	10
6681	11
6682	9
6683	12
6684	12
6685	11
6686	13
6687	9
6688	12
6689	9
6690	12
6691	7
6692	11
6693	12
6694	15
6695	13
6696	10
6697	9
6698	7
6699	13
6700	8
6701	8
6702	12
6703	12
6704	5
6705	13
6706	13
6707	6
6708	16
6709	11
6710	9
6711	4
6712	3
6713	11
6714	5
6715	5
6716	11
6717	13
6718	9
6719	5
6720	15
6721	9
6722	11
6723	8
6724	9
6725	8
6726	11
6727	11
6728	10
6729	11
6730	8
6731	8
6732	9
6733	12
6734	15
6735	12
6736	11
6737	8
6738	5
6739	13
6740	9
6741	7
6742	11
6743	9
6744	9
6745	8
6746	9
6747	8
6748	7
6749	7
6750	11
6751	15
6752	13
6753	15
6754	8
6755	8
6756	13
6757	7
6758	10
6759	8
6760	6
6761	9
6762	10
6763	10
6764	5
6765	10
6766	11
6767	12
6768	8
6769	11
6770	9
6771	8
6772	13
6773	7
6774	11
6775	9
6776	3
6777	7
6778	10
6779	8
6780	9
6781	6
6782	6
6783	15
6784	6
6785	10
6786	11
6787	7
6788	7
6789	9
6790	11
6791	7
6792	9
6793	7
6794	8
6795	13
6796	11
6797	10
6798	9
6799	7
6800	18
6801	8
6802	7
6803	8
6804	8
6805	4
6806	12
6807	7
6808	10
6809	11
6810	7
6811	11
6812	9
6813	7
6814	6
6815	10
6816	10
6817	17
6818	7
6819	6
6820	6
6821	3
6822	9
6823	15
6824	8
6825	11
6826	9
6827	8
6828	6
6829	4
6830	10
6831	11
6832	10
6833	7
6834	11
6835	7
6836	6
6837	12
6838	8
6839	5
6840	3
6841	11
6842	9
6843	13
6844	10
6845	9
6846	9
6847	6
6848	6
6849	7
6850	6
6851	9
6852	5
6853	12
6854	7
6855	13
6856	5
6857	12
6858	10
6859	6
6860	8
6861	5
6862	8
6863	15
6864	7
6865	11
6866	12
6867	9
6868	5
6869	5
6870	9
6871	7
6872	7
6873	9
6874	4
6875	12
6876	7
6877	11
6878	8
6879	8
6880	10
6881	9
6882	9
6883	3
6884	9
6885	6
6886	18
6887	9
6888	5
6889	5
6890	9
6891	8
6892	7
6893	5
6894	2
6895	10
6896	9
6897	6
6898	7
6899	9
6900	12
6901	11
6902	5
6903	8
6904	6
6905	7
6906	2
6907	8
6908	6
6909	7
6910	4
6911	11
6912	8
6913	7
6914	6
6915	8
6916	8
6917	8
6918	6
6919	7
6920	6
6921	11
6922	8
6923	10
6924	7
6925	3
6926	6
6927	7
6928	4
6929	5
6930	7
6931	19
6932	14
6933	7
6934	7
6935	7
6936	12
6937	9
6938	8
6939	6
6940	8
6941	5
6942	12
6943	8
6944	5
6945	3
6946	12
6947	13
6948	4
6949	10
6950	11
6951	5
6952	13
6953	5
6954	3
6955	10
6956	7
6957	4
6958	8
6959	9
6960	12
6961	4
6962	3
6963	9
6964	7
6965	9
6966	8
6967	9
6968	3
6969	8
6970	8
6971	10
6972	12
6973	4
6974	8
6975	5
6976	7
6977	5
6978	3
6979	9
6980	8
6981	12
6982	8
6983	6
6984	4
6985	10
6986	6
6987	12
6988	4
6989	5
6990	11
6991	11
6992	7
6993	3
6994	9
6995	6
6996	6
6997	8
6998	10
6999	12
7000	7
7001	7
7002	4
7003	8
7004	10
7005	6
7006	7
7007	9
7008	6
7009	5
7010	11
7011	16
7012	7
7013	8
7014	8
7015	8
7016	10
7017	11
7018	7
7019	8
7020	10
7021	7
7022	5
7023	9
7024	5
7025	5
7026	9
7027	4
7028	6
7029	9
7030	10
7031	4
7032	12
7033	6
7034	9
7035	5
7036	5
7037	5
7038	6
7039	2
7040	8
7041	5
7042	7
7043	5
7044	9
7045	6
7046	4
7047	7
7048	10
7049	10
7050	8
7051	6
7052	4
7053	7
7054	10
7055	8
7056	9
7057	5
7058	5
7059	7
7060	7
7061	8
7062	4
7063	7
7064	6
7065	4
7066	8
7067	3
7068	7
7069	8
7070	5
7071	7
7072	11
7073	9
7074	6
7075	4
7076	6
7077	8
7078	2
7079	10
7080	9
7081	3
7082	10
7083	5
7084	3
7085	6
7086	10
7087	6
7088	9
7089	6
7090	10
7091	8
7092	6
7093	9
7094	3
7095	6
7096	7
7097	8
7098	8
7099	4
7100	5
7101	2
7102	5
7103	4
7104	2
7105	8
7106	3
7107	3
7108	4
7109	5
7110	8
7111	3
7112	6
7113	6
7114	10
7115	7
7116	6
7117	4
7118	10
7119	5
7120	5
7121	2
7122	5
7123	5
7124	6
7125	7
7126	4
7127	5
7128	10
7129	7
7130	9
7131	6
7132	9
7133	3
7134	4
7135	8
7136	4
7137	6
7138	7
7139	5
7140	7
7141	7
7142	7
7143	5
7144	4
7145	8
7146	9
7147	4
7148	5
7149	8
7150	9
7151	4
7152	5
7153	8
7154	5
7155	9
7156	7
7157	3
7158	11
7159	4
7160	5
7161	9
7162	6
7163	4
7164	7
7165	7
7166	5
7167	6
7168	4
7169	3
7170	7
7171	5
7172	9
7173	8
7174	3
7175	9
7176	8
7177	9
7178	6
7179	3
7180	5
7181	7
7182	12
7183	8
7184	6
7185	6
7186	6
7187	9
7188	8
7189	13
7190	6
7191	7
7192	14
7193	9
7194	16
7195	5
7196	8
7197	8
7198	9
7199	13
7200	7
7201	12
7202	8
7203	5
7204	7
7205	7
7206	9
7207	8
7208	11
7209	12
7210	10
7211	7
7212	6
7213	6
7214	9
7215	7
7216	6
7217	6
7218	3
7219	10
7220	1
7221	7
7222	6
7223	7
7224	2
7225	9
7226	8
7227	4
7228	9
7229	2
7230	2
7231	3
7232	7
7233	7
7234	5
7235	7
7236	5
7237	4
7238	2
7239	2
7240	10
7241	7
7242	3
7243	9
7244	6
7245	9
7246	6
7247	9
7248	8
7249	6
7250	7
7251	6
7252	6
7253	5
7254	6
7255	7
7256	5
7257	7
7258	3
7259	4
7260	4
7261	4
7262	4
7263	4
7264	6
7265	8
7266	7
7267	6
7268	6
7269	3
7270	7
7271	8
7272	7
7273	5
7274	8
7275	7
7276	7
7277	5
7278	9
7279	6
7280	9
7281	8
7282	6
7283	6
7284	11
7285	4
7286	6
7287	3
7288	5
7289	7
7290	4
7291	2
7292	6
7293	9
7294	4
7295	6
7296	5
7297	10
7298	4
7299	11
7300	6
7301	4
7302	3
7303	7
7304	5
7305	6
7306	2
7307	10
7308	6
7309	6
7310	4
7311	10
7312	5
7313	5
7314	4
7315	5
7316	5
7317	2
7318	6
7319	8
7320	7
7321	6
7322	6
7323	8
7324	10
7325	3
7326	7
7327	9
7328	7
7329	3
7330	6
7331	7
7332	7
7333	7
7334	7
7335	6
7336	9
7337	2
7338	7
7339	5
7340	8
7341	8
7342	2
7343	3
7344	8
7345	10
7346	9
7347	5
7348	7
7349	10
7350	7
7351	11
7352	9
7353	9
7354	6
7355	6
7356	4
7357	11
7358	6
7359	17
7360	4
7361	6
7362	10
7363	5
7364	8
7365	6
7366	3
7367	7
7368	11
7369	3
7370	10
7371	2
7372	6
7373	11
7374	1
7375	5
7376	8
7377	9
7378	6
7379	4
7380	7
7381	4
7382	6
7383	8
7384	5
7385	2
7386	6
7387	7
7388	6
7389	3
7390	4
7391	4
7392	6
7393	6
7394	1
7395	5
7396	6
7397	6
7398	4
7399	4
7400	4
7401	5
7402	5
7403	6
7404	3
7405	5
7406	6
7407	7
7408	2
7409	8
7410	7
7411	6
7412	8
7413	5
7414	3
7415	7
7416	3
7417	2
7418	6
7419	5
7420	7
7421	5
7422	1
7423	5
7424	5
7425	3
7426	2
7427	7
7428	10
7429	6
7430	9
7431	6
7432	7
7433	6
7434	5
7435	3
7436	4
7437	5
7438	6
7439	5
7440	8
7441	9
7442	10
7443	4
7444	4
7445	7
7446	4
7447	6
7448	5
7449	9
7450	6
7451	7
7452	5
7453	10
7454	6
7455	2
7456	8
7457	6
7458	9
7459	8
7460	6
7461	6
7462	7
7463	5
7464	3
7465	5
7466	6
7467	5
7468	4
7469	3
7470	5
7471	1
7472	8
7473	13
7474	11
7475	6
7476	2
7477	6
7478	3
7479	8
7480	5
7481	9
7482	1
7483	8
7484	11
7485	3
7486	7
7487	5
7488	8
7489	7
7490	4
7491	7
7492	3
7493	6
7494	4
7495	8
7496	9
7497	8
7498	4
7499	6
7500	2
7501	6
7502	9
7503	7
7504	6
7505	6
7506	11
7507	6
7508	5
7509	7
7510	4
7511	6
7512	6
7513	6
7514	5
7515	4
7516	4
7517	4
7518	7
7519	6
7520	6
7521	4
7522	6
7523	4
7524	5
7525	7
7526	6
7527	11
7528	8
7529	9
7530	7
7531	5
7532	4
7533	5
7534	6
7535	8
7536	6
7537	5
7538	6
7539	7
7540	4
7541	5
7542	6
7543	8
7544	5
7545	5
7546	6
7547	3
7548	3
7549	4
7550	3
7551	4
7552	6
7553	6
7554	5
7555	8
7556	2
7557	4
7558	5
7559	4
7560	5
7561	6
7562	2
7563	1
7564	3
7565	4
7566	4
7567	3
7568	5
7569	7
7570	10
7571	4
7572	3
7573	6
7574	6
7575	5
7576	7
7577	5
7578	6
7579	6
7580	5
7581	3
7582	4
7583	7
7584	3
7585	8
7586	8
7587	5
7588	5
7589	8
7590	12
7591	6
7592	9
7593	7
7594	12
7595	7
7596	15
7597	7
7598	10
7599	12
7600	15
7601	12
7602	10
7603	12
7604	5
7605	17
7606	21
7607	13
7608	12
7609	12
7610	19
7611	30
7612	16
7613	31
7614	42
7615	48
7616	39
7617	48
7618	60
7619	69
7620	69
7621	87
7622	92
7623	96
7624	95
7625	121
7626	149
7627	136
7628	158
7629	154
7630	147
7631	168
7632	169
7633	173
7634	190
7635	178
7636	177
7637	177
7638	176
7639	135
7640	161
7641	118
7642	104
7643	100
7644	77
7645	82
7646	61
7647	40
7648	34
7649	29
7650	23
7651	18
7652	5
7653	7
7654	3
7655	9
7656	9
7657	3
7658	3
7659	3
7660	9
7661	4
7662	5
7663	3
7664	6
7665	5
7666	2
7667	4
7668	1
7669	5
7670	3
7671	3
7672	3
7673	3
7674	4
7675	7
7676	4
7677	5
7678	7
7679	4
7680	4
7681	5
7682	2
7683	9
7684	5
7685	6
7686	4
7687	4
7688	3
7689	5
7690	5
7691	2
7692	5
7693	3
7694	0
7695	1
7696	6
7697	3
7698	3
7699	3
7700	5
7701	1
7702	2
7703	2
7704	10
7705	1
7706	1
7707	8
7708	6
7709	2
7710	8
7711	3
7712	5
7713	8
7714	4
7715	6
7716	6
7717	6
7718	5
7719	4
7720	3
7721	0
7722	4
7723	4
7724	7
7725	3
7726	2
7727	1
7728	4
7729	4
7730	3
7731	6
7732	2
7733	6
7734	4
7735	2
7736	2
7737	4
7738	3
7739	5
7740	3
7741	6
7742	2
7743	7
7744	4
7745	8
7746	5
7747	3
7748	13
7749	3
7750	3
7751	3
7752	5
7753	4
7754	7
7755	2
7756	6
7757	2
7758	3
7759	3
7760	4
7761	1
7762	3
7763	2
7764	3
7765	4
7766	3
7767	2
7768	4
7769	1
7770	1
7771	5
7772	4
7773	5
7774	1
7775	5
7776	1
7777	5
7778	5
7779	3
7780	2
7781	4
7782	1
7783	5
7784	6
7785	8
7786	3
7787	3
7788	4
7789	6
7790	6
7791	5
7792	5
7793	6
7794	6
7795	4
7796	6
7797	6
7798	4
7799	7
7800	5
7801	4
7802	6
7803	4
7804	6
7805	4
7806	4
7807	4
7808	3
7809	4
7810	6
7811	3
7812	6
7813	6
7814	3
7815	8
7816	9
7817	3
7818	3
7819	6
7820	2
7821	4
7822	5
7823	6
7824	2
7825	3
7826	3
7827	4
7828	2
7829	4
7830	4
7831	5
7832	5
7833	6
7834	3
7835	3
7836	2
7837	3
7838	6
7839	3
7840	5
7841	2
7842	4
7843	5
7844	5
7845	6
7846	5
7847	5
7848	4
7849	5
7850	6
7851	5
7852	6
7853	6
7854	5
7855	6
7856	4
7857	11
7858	3
7859	0
7860	4
7861	4
7862	6
7863	5
7864	1
7865	3
7866	7
7867	3
7868	3
7869	2
7870	5
7871	5
7872	5
7873	7
7874	7
7875	2
7876	10
7877	11
7878	4
7879	2
7880	5
7881	5
7882	3
7883	8
7884	7
7885	4
7886	5
7887	4
7888	8
7889	7
7890	5
7891	5
7892	9
7893	5
7894	2
7895	4
7896	3
7897	9
7898	9
7899	3
7900	3
7901	4
7902	6
7903	3
7904	3
7905	3
7906	1
7907	4
7908	2
7909	3
7910	6
7911	7
7912	6
7913	5
7914	8
7915	4
7916	5
7917	3
7918	8
7919	4
7920	4
7921	2
7922	5
7923	5
7924	1
7925	2
7926	2
7927	0
7928	2
7929	5
7930	8
7931	6
7932	1
7933	2
7934	9
7935	4
7936	5
7937	4
7938	5
7939	4
7940	3
7941	1
7942	1
7943	4
7944	5
7945	1
7946	5
7947	2
7948	6
7949	5
7950	8
7951	4
7952	4
7953	1
7954	4
7955	0
7956	4
7957	4
7958	4
7959	5
7960	2
7961	5
7962	4
7963	5
7964	4
7965	4
7966	1
7967	1
7968	7
7969	3
7970	2
7971	6
7972	5
7973	5
7974	6
7975	3
7976	3
7977	8
7978	5
7979	3
7980	5
7981	5
7982	3
7983	1
7984	2
7985	5
7986	1
7987	4
7988	5
7989	3
7990	10
7991	5
7992	0
7993	6
7994	2
7995	4
7996	3
7997	3
7998	1
7999	5
8000	3
8001	2
8002	5
8003	5
8004	1
8005	4
8006	4
8007	2
8008	4
8009	1
8010	0
8011	4
8012	2
8013	3
8014	10
8015	2
8016	9
8017	2
8018	5
8019	4
8020	3
8021	2
8022	6
8023	2
8024	5
8025	3
8026	3
8027	2
8028	1
8029	3
8030	8
8031	3
8032	1
8033	3
8034	4
8035	0
8036	1
8037	3
8038	5
8039	1
8040	6
8041	8
8042	4
8043	4
8044	8
8045	3
8046	5
8047	4
8048	5
8049	2
8050	7
8051	3
8052	2
8053	6
8054	3
8055	3
8056	2
8057	3
8058	1
8059	1
8060	5
8061	5
8062	3
8063	2
8064	4
8065	2
8066	5
8067	8
8068	2
8069	2
8070	2
8071	3
8072	6
8073	7
8074	3
8075	2
8076	3
8077	3
8078	5
8079	1
8080	1
8081	4
8082	2
8083	2
8084	4
8085	2
8086	2
8087	3
8088	4
8089	7
8090	5
8091	2
8092	4
8093	4
8094	2
8095	3
8096	2
8097	1
8098	5
8099	3
8100	0
8101	1
8102	4
8103	3
8104	4
8105	1
8106	5
8107	3
8108	2
8109	4
8110	6
8111	2
8112	5
8113	6
8114	6
8115	0
8116	4
8117	0
8118	0
8119	0
8120	0
8121	0
8122	0
8123	0
8124	0
8125	0
8126	0
8127	0
8128	0
8129	0
8130	0
8131	0
8132	0
8133	0
8134	0
8135	0
8136	0
8137	0
8138	0
8139	0
8140	0
8141	0
8142	0
8143	0
8144	0
8145	0
8146	0
8147	0
8148	0
8149	0
8150	0
8151	0
8152	0
8153	0
8154	0
8155	0
8156	0
8157	0
8158	0
8159	0
8160	0
8161	0
8162	0
8163	0
8164	0
8165	0
8166	0
8167	0
8168	0
8169	0
8170	0
8171	0
8172	0
8173	0
8174	0
8175	0
8176	0
8177	0
8178	0
8179	0
8180	0
8181	0
8182	0
8183	0
8184	0
8185	0
8186	0
8187	0
8188	0
8189	0
8190	0
8191	0
