0	0
1	0
2	0
3	0
4	0
5	0
6	0
7	0
8	0
9	0
10	0
11	0
12	0
13	0
14	0
15	0
16	0
17	0
18	0
19	0
20	0
21	0
22	0
23	0
24	0
25	0
26	0
27	0
28	0
29	0
30	0
31	0
32	0
33	0
34	0
35	0
36	0
37	0
38	0
39	0
40	0
41	0
42	0
43	0
44	0
45	0
46	0
47	0
48	0
49	0
50	0
51	0
52	0
53	0
54	0
55	0
56	0
57	0
58	0
59	0
60	0
61	0
62	0
63	0
64	0
65	0
66	0
67	0
68	0
69	0
70	0
71	0
72	0
73	0
74	0
75	0
76	0
77	0
78	0
79	0
80	0
81	0
82	0
83	0
84	0
85	0
86	0
87	0
88	0
89	0
90	0
91	0
92	0
93	0
94	0
95	0
96	0
97	0
98	0
99	0
100	0
101	0
102	0
103	0
104	0
105	0
106	0
107	0
108	0
109	0
110	0
111	0
112	0
113	0
114	0
115	1
116	0
117	1
118	0
119	1
120	0
121	0
122	0
123	2
124	1
125	1
126	1
127	2
128	0
129	2
130	2
131	4
132	8
133	33
134	98
135	147
136	182
137	182
138	192
139	194
140	201
141	213
142	204
143	220
144	227
145	240
146	233
147	264
148	254
149	315
150	291
151	314
152	334
153	308
154	332
155	370
156	382
157	354
158	382
159	407
160	457
161	412
162	488
163	460
164	510
165	547
166	498
167	512
168	556
169	594
170	555
171	597
172	588
173	530
174	586
175	576
176	527
177	569
178	546
179	562
180	559
181	569
182	545
183	535
184	536
185	553
186	520
187	485
188	485
189	494
190	472
191	454
192	437
193	418
194	398
195	416
196	357
197	365
198	391
199	320
200	344
201	335
202	308
203	332
204	325
205	287
206	296
207	292
208	246
209	227
210	223
211	224
212	231
213	205
214	199
215	204
216	189
217	211
218	197
219	208
220	178
221	186
222	185
223	180
224	179
225	202
226	189
227	176
228	200
229	164
230	183
231	170
232	169
233	175
234	155
235	154
236	164
237	158
238	166
239	140
240	184
241	140
242	170
243	163
244	166
245	162
246	168
247	169
248	154
249	137
250	168
251	174
252	150
253	156
254	168
255	165
256	144
257	151
258	133
259	161
260	168
261	164
262	151
263	145
264	168
265	174
266	136
267	179
268	194
269	177
270	177
271	161
272	157
273	155
274	172
275	167
276	158
277	174
278	151
279	147
280	165
281	166
282	173
283	166
284	164
285	151
286	171
287	170
288	169
289	180
290	156
291	176
292	181
293	164
294	161
295	160
296	160
297	152
298	172
299	149
300	162
301	175
302	191
303	198
304	167
305	162
306	183
307	165
308	157
309	158
310	193
311	158
312	165
313	171
314	161
315	181
316	204
317	182
318	159
319	181
320	202
321	196
322	194
323	177
324	189
325	192
326	163
327	195
328	199
329	192
330	184
331	166
332	192
333	183
334	176
335	188
336	164
337	182
338	171
339	179
340	159
341	218
342	201
343	184
344	177
345	188
346	187
347	192
348	213
349	197
350	167
351	226
352	192
353	189
354	204
355	195
356	174
357	222
358	181
359	223
360	198
361	186
362	199
363	203
364	194
365	193
366	183
367	187
368	197
369	195
370	200
371	207
372	216
373	212
374	206
375	203
376	187
377	214
378	216
379	226
380	220
381	212
382	230
383	204
384	208
385	215
386	222
387	243
388	207
389	232
390	226
391	228
392	242
393	232
394	213
395	237
396	232
397	238
398	225
399	219
400	222
401	220
402	218
403	240
404	267
405	245
406	252
407	223
408	245
409	247
410	274
411	237
412	235
413	283
414	238
415	241
416	260
417	231
418	261
419	253
420	252
421	265
422	264
423	204
424	231
425	269
426	260
427	266
428	272
429	232
430	233
431	234
432	255
433	248
434	248
435	240
436	264
437	251
438	249
439	269
440	253
441	263
442	251
443	256
444	263
445	249
446	250
447	244
448	228
449	197
450	224
451	260
452	256
453	238
454	293
455	236
456	244
457	245
458	264
459	257
460	237
461	243
462	265
463	248
464	271
465	249
466	255
467	229
468	232
469	229
470	245
471	262
472	232
473	245
474	253
475	239
476	258
477	224
478	240
479	236
480	240
481	261
482	224
483	248
484	242
485	236
486	233
487	229
488	239
489	239
490	242
491	224
492	259
493	228
494	236
495	272
496	212
497	210
498	247
499	257
500	220
501	253
502	224
503	231
504	250
505	232
506	215
507	247
508	209
509	238
510	246
511	262
512	223
513	251
514	225
515	251
516	232
517	240
518	250
519	246
520	251
521	243
522	201
523	250
524	242
525	257
526	227
527	270
528	259
529	240
530	230
531	245
532	256
533	246
534	243
535	255
536	243
537	227
538	232
539	255
540	248
541	212
542	253
543	247
544	231
545	255
546	247
547	211
548	225
549	243
550	232
551	236
552	217
553	227
554	242
555	224
556	231
557	224
558	224
559	245
560	221
561	246
562	270
563	214
564	221
565	215
566	232
567	239
568	247
569	234
570	254
571	249
572	236
573	265
574	277
575	242
576	254
577	239
578	265
579	237
580	244
581	220
582	231
583	238
584	261
585	249
586	252
587	214
588	249
589	246
590	253
591	246
592	243
593	247
594	221
595	254
596	253
597	246
598	272
599	226
600	250
601	228
602	223
603	241
604	250
605	224
606	247
607	263
608	273
609	248
610	242
611	255
612	255
613	272
614	216
615	249
616	273
617	240
618	242
619	287
620	254
621	253
622	247
623	246
624	263
625	277
626	258
627	223
628	242
629	267
630	241
631	289
632	259
633	269
634	246
635	278
636	244
637	280
638	262
639	243
640	274
641	245
642	250
643	282
644	243
645	245
646	259
647	283
648	261
649	249
650	274
651	239
652	291
653	249
654	275
655	270
656	283
657	270
658	257
659	243
660	264
661	266
662	259
663	231
664	258
665	278
666	269
667	246
668	240
669	268
670	250
671	251
672	251
673	248
674	253
675	263
676	258
677	256
678	259
679	252
680	286
681	276
682	275
683	234
684	272
685	288
686	253
687	251
688	253
689	260
690	248
691	262
692	264
693	263
694	248
695	262
696	252
697	277
698	279
699	278
700	276
701	232
702	258
703	263
704	258
705	256
706	272
707	279
708	261
709	278
710	273
711	294
712	251
713	262
714	250
715	251
716	269
717	293
718	274
719	280
720	246
721	237
722	290
723	277
724	284
725	256
726	283
727	277
728	261
729	253
730	241
731	250
732	286
733	294
734	249
735	290
736	248
737	263
738	264
739	271
740	268
741	255
742	290
743	240
744	273
745	242
746	253
747	247
748	285
749	256
750	267
751	277
752	241
753	263
754	232
755	268
756	208
757	272
758	259
759	282
760	269
761	271
762	265
763	238
764	252
765	276
766	256
767	271
768	278
769	256
770	258
771	287
772	261
773	264
774	235
775	264
776	270
777	263
778	242
779	255
780	290
781	278
782	254
783	253
784	289
785	276
786	240
787	257
788	254
789	296
790	286
791	274
792	233
793	262
794	241
795	271
796	265
797	259
798	266
799	285
800	289
801	264
802	263
803	258
804	258
805	256
806	263
807	257
808	263
809	281
810	261
811	238
812	251
813	268
814	248
815	246
816	260
817	253
818	268
819	273
820	275
821	274
822	247
823	274
824	238
825	244
826	269
827	263
828	228
829	268
830	278
831	246
832	244
833	290
834	262
835	240
836	280
837	244
838	281
839	249
840	259
841	261
842	245
843	278
844	245
845	268
846	271
847	255
848	227
849	252
850	262
851	254
852	267
853	244
854	243
855	246
856	270
857	258
858	263
859	268
860	266
861	257
862	229
863	225
864	243
865	243
866	257
867	260
868	272
869	291
870	261
871	261
872	271
873	265
874	251
875	244
876	274
877	251
878	268
879	257
880	305
881	270
882	253
883	247
884	261
885	253
886	235
887	262
888	238
889	261
890	258
891	259
892	249
893	244
894	240
895	290
896	258
897	273
898	249
899	266
900	267
901	250
902	272
903	264
904	254
905	285
906	245
907	259
908	249
909	247
910	259
911	248
912	280
913	242
914	238
915	255
916	224
917	262
918	260
919	250
920	250
921	243
922	289
923	265
924	245
925	284
926	262
927	279
928	268
929	226
930	276
931	288
932	256
933	253
934	246
935	269
936	252
937	278
938	251
939	266
940	246
941	254
942	280
943	265
944	262
945	266
946	291
947	272
948	260
949	277
950	267
951	264
952	257
953	258
954	278
955	264
956	266
957	261
958	266
959	257
960	251
961	242
962	242
963	254
964	280
965	269
966	259
967	267
968	309
969	265
970	316
971	288
972	248
973	269
974	267
975	270
976	276
977	304
978	276
979	296
980	296
981	286
982	284
983	286
984	318
985	280
986	297
987	256
988	281
989	299
990	288
991	265
992	284
993	302
994	289
995	296
996	288
997	284
998	303
999	278
1000	286
1001	298
1002	291
1003	306
1004	295
1005	329
1006	328
1007	285
1008	336
1009	290
1010	279
1011	307
1012	257
1013	316
1014	330
1015	320
1016	294
1017	299
1018	305
1019	313
1020	327
1021	311
1022	345
1023	287
1024	294
1025	292
1026	312
1027	297
1028	319
1029	326
1030	299
1031	300
1032	317
1033	304
1034	330
1035	322
1036	329
1037	313
1038	323
1039	334
1040	289
1041	333
1042	315
1043	318
1044	314
1045	329
1046	322
1047	319
1048	314
1049	335
1050	331
1051	306
1052	309
1053	318
1054	326
1055	325
1056	327
1057	312
1058	319
1059	348
1060	334
1061	340
1062	331
1063	292
1064	323
1065	316
1066	333
1067	287
1068	319
1069	368
1070	300
1071	315
1072	303
1073	339
1074	333
1075	307
1076	321
1077	325
1078	344
1079	347
1080	321
1081	339
1082	336
1083	338
1084	320
1085	329
1086	363
1087	297
1088	315
1089	323
1090	312
1091	297
1092	304
1093	332
1094	351
1095	326
1096	304
1097	330
1098	330
1099	332
1100	302
1101	331
1102	315
1103	336
1104	326
1105	299
1106	316
1107	308
1108	295
1109	316
1110	305
1111	307
1112	315
1113	314
1114	288
1115	304
1116	333
1117	343
1118	319
1119	299
1120	328
1121	315
1122	343
1123	305
1124	280
1125	314
1126	285
1127	354
1128	303
1129	299
1130	319
1131	309
1132	316
1133	288
1134	309
1135	263
1136	315
1137	342
1138	287
1139	306
1140	300
1141	298
1142	283
1143	290
1144	308
1145	304
1146	289
1147	331
1148	276
1149	309
1150	289
1151	322
1152	270
1153	280
1154	303
1155	299
1156	299
1157	312
1158	291
1159	273
1160	307
1161	285
1162	247
1163	276
1164	256
1165	321
1166	292
1167	302
1168	266
1169	277
1170	279
1171	306
1172	269
1173	272
1174	265
1175	266
1176	255
1177	309
1178	263
1179	266
1180	268
1181	265
1182	260
1183	282
1184	263
1185	259
1186	271
1187	244
1188	257
1189	253
1190	260
1191	292
1192	264
1193	290
1194	269
1195	249
1196	265
1197	270
1198	284
1199	258
1200	264
1201	276
1202	269
1203	253
1204	276
1205	267
1206	269
1207	250
1208	234
1209	241
1210	266
1211	264
1212	235
1213	261
1214	258
1215	245
1216	243
1217	244
1218	265
1219	228
1220	244
1221	228
1222	265
1223	270
1224	264
1225	250
1226	251
1227	277
1228	230
1229	248
1230	241
1231	243
1232	233
1233	248
1234	238
1235	246
1236	228
1237	234
1238	240
1239	223
1240	245
1241	244
1242	249
1243	254
1244	253
1245	220
1246	221
1247	221
1248	238
1249	221
1250	225
1251	256
1252	276
1253	230
1254	234
1255	222
1256	236
1257	212
1258	247
1259	255
1260	242
1261	252
1262	223
1263	217
1264	210
1265	230
1266	252
1267	231
1268	217
1269	241
1270	239
1271	219
1272	243
1273	226
1274	254
1275	247
1276	242
1277	208
1278	211
1279	212
1280	217
1281	243
1282	227
1283	243
1284	231
1285	206
1286	237
1287	236
1288	241
1289	217
1290	206
1291	258
1292	244
1293	222
1294	217
1295	229
1296	239
1297	218
1298	211
1299	215
1300	210
1301	234
1302	232
1303	222
1304	225
1305	198
1306	211
1307	217
1308	208
1309	244
1310	240
1311	212
1312	224
1313	223
1314	226
1315	222
1316	238
1317	219
1318	237
1319	213
1320	202
1321	221
1322	201
1323	223
1324	226
1325	213
1326	222
1327	199
1328	217
1329	200
1330	220
1331	202
1332	223
1333	197
1334	208
1335	209
1336	208
1337	239
1338	189
1339	217
1340	200
1341	199
1342	221
1343	201
1344	209
1345	183
1346	190
1347	209
1348	231
1349	205
1350	206
1351	214
1352	204
1353	190
1354	193
1355	216
1356	175
1357	219
1358	207
1359	194
1360	192
1361	213
1362	221
1363	213
1364	204
1365	216
1366	208
1367	200
1368	198
1369	203
1370	186
1371	203
1372	214
1373	201
1374	209
1375	174
1376	199
1377	208
1378	192
1379	182
1380	221
1381	199
1382	184
1383	194
1384	205
1385	216
1386	200
1387	181
1388	189
1389	172
1390	185
1391	216
1392	206
1393	191
1394	226
1395	194
1396	208
1397	189
1398	192
1399	195
1400	217
1401	209
1402	192
1403	204
1404	233
1405	191
1406	191
1407	207
1408	206
1409	190
1410	187
1411	213
1412	189
1413	170
1414	204
1415	211
1416	163
1417	167
1418	195
1419	182
1420	196
1421	218
1422	167
1423	189
1424	178
1425	194
1426	184
1427	185
1428	183
1429	201
1430	192
1431	186
1432	170
1433	186
1434	205
1435	178
1436	164
1437	185
1438	185
1439	160
1440	182
1441	190
1442	176
1443	181
1444	180
1445	183
1446	182
1447	187
1448	162
1449	190
1450	173
1451	190
1452	176
1453	149
1454	221
1455	182
1456	176
1457	172
1458	181
1459	170
1460	184
1461	183
1462	183
1463	192
1464	214
1465	189
1466	193
1467	190
1468	197
1469	201
1470	179
1471	177
1472	151
1473	177
1474	156
1475	166
1476	174
1477	173
1478	171
1479	191
1480	187
1481	205
1482	171
1483	215
1484	164
1485	164
1486	181
1487	183
1488	197
1489	180
1490	162
1491	202
1492	158
1493	162
1494	193
1495	179
1496	179
1497	161
1498	167
1499	192
1500	177
1501	174
1502	171
1503	173
1504	164
1505	184
1506	184
1507	181
1508	170
1509	175
1510	163
1511	170
1512	174
1513	193
1514	179
1515	191
1516	149
1517	177
1518	164
1519	152
1520	171
1521	156
1522	168
1523	182
1524	171
1525	190
1526	166
1527	158
1528	192
1529	193
1530	176
1531	208
1532	174
1533	164
1534	181
1535	183
1536	150
1537	156
1538	173
1539	163
1540	163
1541	161
1542	181
1543	185
1544	184
1545	178
1546	187
1547	182
1548	187
1549	173
1550	201
1551	179
1552	174
1553	167
1554	187
1555	177
1556	176
1557	179
1558	149
1559	183
1560	157
1561	172
1562	183
1563	178
1564	182
1565	162
1566	163
1567	166
1568	175
1569	162
1570	158
1571	168
1572	160
1573	152
1574	170
1575	150
1576	157
1577	182
1578	192
1579	168
1580	188
1581	171
1582	177
1583	181
1584	189
1585	157
1586	151
1587	173
1588	167
1589	173
1590	177
1591	145
1592	172
1593	162
1594	168
1595	138
1596	149
1597	160
1598	171
1599	145
1600	159
1601	176
1602	150
1603	172
1604	158
1605	140
1606	174
1607	155
1608	165
1609	161
1610	172
1611	159
1612	161
1613	167
1614	170
1615	154
1616	193
1617	174
1618	151
1619	179
1620	167
1621	174
1622	179
1623	159
1624	164
1625	148
1626	175
1627	171
1628	184
1629	163
1630	163
1631	177
1632	182
1633	174
1634	160
1635	168
1636	160
1637	154
1638	166
1639	154
1640	173
1641	142
1642	169
1643	187
1644	174
1645	176
1646	160
1647	157
1648	175
1649	175
1650	177
1651	168
1652	182
1653	151
1654	159
1655	182
1656	167
1657	167
1658	178
1659	162
1660	143
1661	165
1662	151
1663	152
1664	174
1665	173
1666	132
1667	156
1668	144
1669	158
1670	154
1671	161
1672	153
1673	159
1674	155
1675	185
1676	171
1677	162
1678	155
1679	157
1680	155
1681	170
1682	160
1683	163
1684	162
1685	165
1686	153
1687	160
1688	137
1689	165
1690	145
1691	152
1692	169
1693	169
1694	157
1695	157
1696	173
1697	175
1698	151
1699	146
1700	198
1701	137
1702	169
1703	159
1704	136
1705	152
1706	148
1707	162
1708	148
1709	156
1710	149
1711	165
1712	165
1713	151
1714	160
1715	139
1716	168
1717	138
1718	167
1719	165
1720	157
1721	160
1722	148
1723	170
1724	144
1725	143
1726	158
1727	150
1728	163
1729	166
1730	172
1731	153
1732	141
1733	148
1734	154
1735	178
1736	150
1737	164
1738	142
1739	166
1740	147
1741	163
1742	170
1743	162
1744	149
1745	150
1746	142
1747	167
1748	157
1749	181
1750	159
1751	165
1752	158
1753	139
1754	149
1755	153
1756	166
1757	148
1758	181
1759	144
1760	176
1761	155
1762	149
1763	160
1764	142
1765	151
1766	138
1767	152
1768	171
1769	168
1770	154
1771	169
1772	180
1773	149
1774	127
1775	150
1776	146
1777	133
1778	147
1779	168
1780	151
1781	150
1782	161
1783	140
1784	144
1785	161
1786	162
1787	151
1788	146
1789	151
1790	146
1791	167
1792	128
1793	156
1794	151
1795	146
1796	149
1797	183
1798	137
1799	149
1800	138
1801	142
1802	154
1803	157
1804	171
1805	160
1806	130
1807	156
1808	133
1809	147
1810	155
1811	171
1812	130
1813	174
1814	147
1815	146
1816	180
1817	142
1818	150
1819	144
1820	156
1821	154
1822	148
1823	165
1824	132
1825	135
1826	157
1827	159
1828	140
1829	140
1830	146
1831	146
1832	156
1833	154
1834	167
1835	166
1836	153
1837	153
1838	167
1839	147
1840	139
1841	134
1842	153
1843	166
1844	138
1845	150
1846	174
1847	149
1848	163
1849	153
1850	150
1851	136
1852	146
1853	147
1854	175
1855	147
1856	156
1857	134
1858	142
1859	132
1860	140
1861	160
1862	144
1863	134
1864	141
1865	142
1866	172
1867	149
1868	145
1869	168
1870	141
1871	143
1872	163
1873	152
1874	150
1875	148
1876	153
1877	137
1878	149
1879	167
1880	149
1881	140
1882	143
1883	127
1884	166
1885	138
1886	135
1887	140
1888	158
1889	136
1890	154
1891	159
1892	146
1893	148
1894	145
1895	133
1896	153
1897	159
1898	148
1899	157
1900	150
1901	156
1902	147
1903	171
1904	139
1905	156
1906	134
1907	159
1908	165
1909	136
1910	147
1911	163
1912	134
1913	134
1914	157
1915	149
1916	133
1917	158
1918	164
1919	162
1920	135
1921	135
1922	133
1923	124
1924	138
1925	156
1926	145
1927	125
1928	143
1929	161
1930	136
1931	147
1932	145
1933	147
1934	159
1935	145
1936	152
1937	144
1938	165
1939	138
1940	130
1941	152
1942	159
1943	138
1944	149
1945	145
1946	156
1947	160
1948	149
1949	162
1950	163
1951	158
1952	173
1953	155
1954	157
1955	148
1956	137
1957	149
1958	144
1959	153
1960	132
1961	140
1962	130
1963	158
1964	146
1965	161
1966	130
1967	142
1968	149
1969	169
1970	142
1971	161
1972	137
1973	162
1974	132
1975	139
1976	163
1977	147
1978	158
1979	170
1980	148
1981	146
1982	142
1983	136
1984	132
1985	162
1986	173
1987	155
1988	164
1989	152
1990	173
1991	151
1992	141
1993	137
1994	138
1995	135
1996	144
1997	131
1998	137
1999	165
2000	149
2001	148
2002	147
2003	132
2004	140
2005	145
2006	148
2007	130
2008	145
2009	166
2010	156
2011	168
2012	145
2013	141
2014	127
2015	132
2016	155
2017	155
2018	151
2019	143
2020	159
2021	160
2022	125
2023	136
2024	141
2025	152
2026	138
2027	137
2028	162
2029	150
2030	132
2031	126
2032	147
2033	145
2034	148
2035	149
2036	143
2037	137
2038	137
2039	143
2040	158
2041	149
2042	159
2043	151
2044	135
2045	125
2046	147
2047	139
2048	135
2049	144
2050	126
2051	149
2052	182
2053	153
2054	132
2055	138
2056	147
2057	146
2058	117
2059	132
2060	147
2061	152
2062	141
2063	136
2064	149
2065	138
2066	151
2067	165
2068	150
2069	161
2070	135
2071	136
2072	157
2073	126
2074	147
2075	129
2076	168
2077	138
2078	140
2079	140
2080	158
2081	133
2082	138
2083	134
2084	156
2085	157
2086	125
2087	150
2088	147
2089	122
2090	114
2091	143
2092	141
2093	146
2094	161
2095	140
2096	141
2097	137
2098	148
2099	127
2100	123
2101	144
2102	152
2103	135
2104	155
2105	136
2106	123
2107	129
2108	137
2109	145
2110	129
2111	122
2112	157
2113	134
2114	156
2115	124
2116	147
2117	118
2118	128
2119	162
2120	159
2121	134
2122	163
2123	153
2124	122
2125	137
2126	125
2127	147
2128	138
2129	161
2130	143
2131	119
2132	123
2133	149
2134	136
2135	158
2136	133
2137	158
2138	131
2139	145
2140	143
2141	130
2142	146
2143	142
2144	136
2145	136
2146	127
2147	141
2148	156
2149	131
2150	148
2151	125
2152	162
2153	151
2154	140
2155	153
2156	132
2157	120
2158	136
2159	135
2160	146
2161	118
2162	163
2163	131
2164	125
2165	154
2166	139
2167	125
2168	141
2169	136
2170	148
2171	136
2172	155
2173	131
2174	129
2175	143
2176	124
2177	139
2178	134
2179	146
2180	158
2181	141
2182	154
2183	122
2184	139
2185	141
2186	125
2187	130
2188	162
2189	116
2190	133
2191	142
2192	143
2193	142
2194	150
2195	168
2196	113
2197	162
2198	152
2199	126
2200	134
2201	135
2202	133
2203	143
2204	129
2205	149
2206	148
2207	148
2208	131
2209	146
2210	135
2211	122
2212	152
2213	144
2214	150
2215	121
2216	134
2217	144
2218	144
2219	141
2220	130
2221	149
2222	145
2223	122
2224	154
2225	147
2226	122
2227	143
2228	154
2229	124
2230	123
2231	154
2232	140
2233	152
2234	142
2235	148
2236	154
2237	131
2238	152
2239	132
2240	141
2241	164
2242	139
2243	127
2244	140
2245	141
2246	145
2247	148
2248	130
2249	123
2250	132
2251	146
2252	144
2253	118
2254	125
2255	141
2256	114
2257	138
2258	141
2259	128
2260	138
2261	125
2262	141
2263	127
2264	148
2265	136
2266	140
2267	136
2268	149
2269	137
2270	143
2271	130
2272	145
2273	135
2274	131
2275	128
2276	144
2277	130
2278	126
2279	133
2280	137
2281	140
2282	116
2283	129
2284	150
2285	130
2286	134
2287	150
2288	129
2289	149
2290	141
2291	111
2292	143
2293	140
2294	131
2295	143
2296	148
2297	133
2298	141
2299	134
2300	152
2301	145
2302	132
2303	137
2304	147
2305	134
2306	147
2307	134
2308	135
2309	150
2310	138
2311	131
2312	132
2313	139
2314	150
2315	122
2316	136
2317	114
2318	114
2319	141
2320	137
2321	136
2322	133
2323	145
2324	117
2325	142
2326	133
2327	138
2328	128
2329	124
2330	135
2331	138
2332	135
2333	132
2334	134
2335	136
2336	140
2337	145
2338	137
2339	140
2340	133
2341	122
2342	139
2343	122
2344	130
2345	116
2346	126
2347	137
2348	129
2349	132
2350	137
2351	143
2352	124
2353	124
2354	131
2355	132
2356	132
2357	121
2358	123
2359	123
2360	137
2361	118
2362	131
2363	134
2364	137
2365	137
2366	134
2367	137
2368	137
2369	116
2370	130
2371	127
2372	135
2373	127
2374	136
2375	145
2376	122
2377	128
2378	147
2379	152
2380	137
2381	126
2382	137
2383	137
2384	133
2385	138
2386	127
2387	109
2388	107
2389	127
2390	132
2391	122
2392	140
2393	116
2394	121
2395	127
2396	106
2397	117
2398	138
2399	135
2400	119
2401	125
2402	138
2403	102
2404	138
2405	113
2406	127
2407	117
2408	132
2409	112
2410	126
2411	116
2412	105
2413	129
2414	121
2415	98
2416	127
2417	134
2418	127
2419	130
2420	120
2421	115
2422	111
2423	111
2424	112
2425	106
2426	108
2427	121
2428	118
2429	125
2430	101
2431	107
2432	126
2433	124
2434	110
2435	109
2436	108
2437	117
2438	100
2439	107
2440	111
2441	135
2442	139
2443	125
2444	110
2445	104
2446	116
2447	115
2448	125
2449	108
2450	118
2451	117
2452	125
2453	121
2454	121
2455	132
2456	114
2457	109
2458	118
2459	104
2460	99
2461	107
2462	106
2463	110
2464	118
2465	118
2466	120
2467	95
2468	116
2469	107
2470	108
2471	124
2472	135
2473	98
2474	104
2475	108
2476	110
2477	112
2478	120
2479	119
2480	109
2481	105
2482	135
2483	86
2484	99
2485	113
2486	100
2487	92
2488	79
2489	99
2490	95
2491	101
2492	101
2493	88
2494	122
2495	111
2496	109
2497	94
2498	98
2499	116
2500	85
2501	90
2502	89
2503	100
2504	104
2505	102
2506	89
2507	84
2508	97
2509	100
2510	104
2511	88
2512	92
2513	111
2514	105
2515	104
2516	86
2517	106
2518	99
2519	109
2520	86
2521	81
2522	83
2523	79
2524	96
2525	91
2526	61
2527	78
2528	84
2529	104
2530	89
2531	93
2532	85
2533	84
2534	94
2535	91
2536	84
2537	83
2538	90
2539	72
2540	79
2541	72
2542	98
2543	96
2544	82
2545	75
2546	83
2547	81
2548	96
2549	79
2550	74
2551	94
2552	80
2553	92
2554	83
2555	86
2556	73
2557	75
2558	73
2559	73
2560	80
2561	58
2562	65
2563	90
2564	69
2565	83
2566	84
2567	68
2568	72
2569	64
2570	81
2571	79
2572	74
2573	79
2574	77
2575	79
2576	82
2577	65
2578	78
2579	79
2580	59
2581	72
2582	75
2583	52
2584	61
2585	65
2586	65
2587	71
2588	70
2589	61
2590	77
2591	57
2592	52
2593	64
2594	64
2595	69
2596	73
2597	84
2598	65
2599	64
2600	57
2601	48
2602	62
2603	62
2604	61
2605	66
2606	72
2607	71
2608	65
2609	67
2610	52
2611	58
2612	69
2613	63
2614	70
2615	73
2616	49
2617	56
2618	59
2619	64
2620	63
2621	64
2622	63
2623	70
2624	60
2625	62
2626	59
2627	50
2628	75
2629	67
2630	54
2631	53
2632	56
2633	48
2634	55
2635	55
2636	50
2637	57
2638	63
2639	45
2640	57
2641	46
2642	52
2643	55
2644	56
2645	55
2646	67
2647	51
2648	60
2649	60
2650	58
2651	55
2652	47
2653	47
2654	57
2655	65
2656	45
2657	50
2658	49
2659	49
2660	63
2661	39
2662	53
2663	57
2664	48
2665	50
2666	53
2667	53
2668	53
2669	40
2670	56
2671	54
2672	46
2673	46
2674	37
2675	59
2676	53
2677	53
2678	44
2679	58
2680	48
2681	59
2682	49
2683	56
2684	56
2685	50
2686	55
2687	44
2688	49
2689	57
2690	47
2691	64
2692	52
2693	42
2694	49
2695	36
2696	50
2697	42
2698	46
2699	51
2700	52
2701	52
2702	53
2703	41
2704	44
2705	53
2706	42
2707	45
2708	43
2709	43
2710	40
2711	48
2712	46
2713	45
2714	56
2715	42
2716	56
2717	48
2718	40
2719	47
2720	42
2721	48
2722	46
2723	54
2724	40
2725	49
2726	40
2727	28
2728	46
2729	34
2730	29
2731	42
2732	43
2733	37
2734	47
2735	37
2736	35
2737	46
2738	50
2739	39
2740	40
2741	36
2742	40
2743	47
2744	48
2745	42
2746	47
2747	37
2748	42
2749	46
2750	42
2751	37
2752	38
2753	46
2754	48
2755	58
2756	43
2757	39
2758	38
2759	36
2760	45
2761	33
2762	41
2763	43
2764	46
2765	37
2766	44
2767	41
2768	39
2769	42
2770	57
2771	39
2772	39
2773	36
2774	38
2775	41
2776	41
2777	44
2778	31
2779	41
2780	37
2781	30
2782	46
2783	34
2784	37
2785	31
2786	38
2787	30
2788	43
2789	32
2790	33
2791	49
2792	42
2793	34
2794	37
2795	23
2796	34
2797	31
2798	34
2799	30
2800	31
2801	47
2802	38
2803	36
2804	37
2805	40
2806	37
2807	25
2808	40
2809	35
2810	32
2811	33
2812	39
2813	32
2814	46
2815	29
2816	43
2817	26
2818	33
2819	37
2820	39
2821	30
2822	41
2823	37
2824	39
2825	26
2826	20
2827	46
2828	33
2829	32
2830	30
2831	38
2832	32
2833	30
2834	27
2835	41
2836	37
2837	38
2838	32
2839	32
2840	30
2841	39
2842	38
2843	32
2844	29
2845	27
2846	29
2847	38
2848	29
2849	33
2850	26
2851	33
2852	32
2853	33
2854	32
2855	27
2856	24
2857	30
2858	30
2859	28
2860	30
2861	36
2862	31
2863	28
2864	37
2865	21
2866	22
2867	34
2868	34
2869	27
2870	29
2871	26
2872	33
2873	30
2874	31
2875	35
2876	31
2877	34
2878	22
2879	25
2880	41
2881	28
2882	30
2883	34
2884	33
2885	21
2886	27
2887	30
2888	26
2889	29
2890	35
2891	34
2892	23
2893	32
2894	26
2895	41
2896	24
2897	29
2898	28
2899	24
2900	33
2901	33
2902	24
2903	35
2904	36
2905	27
2906	22
2907	24
2908	31
2909	28
2910	24
2911	28
2912	37
2913	28
2914	26
2915	25
2916	26
2917	38
2918	16
2919	41
2920	35
2921	29
2922	31
2923	25
2924	30
2925	28
2926	27
2927	25
2928	30
2929	35
2930	23
2931	33
2932	24
2933	27
2934	26
2935	23
2936	36
2937	35
2938	27
2939	28
2940	25
2941	24
2942	24
2943	28
2944	22
2945	19
2946	23
2947	27
2948	28
2949	24
2950	24
2951	23
2952	30
2953	33
2954	30
2955	33
2956	34
2957	16
2958	20
2959	24
2960	24
2961	22
2962	27
2963	23
2964	19
2965	22
2966	30
2967	33
2968	34
2969	29
2970	28
2971	30
2972	30
2973	28
2974	28
2975	21
2976	35
2977	25
2978	25
2979	21
2980	19
2981	26
2982	25
2983	23
2984	26
2985	19
2986	21
2987	31
2988	23
2989	32
2990	27
2991	28
2992	28
2993	24
2994	33
2995	23
2996	27
2997	24
2998	26
2999	28
3000	21
3001	11
3002	15
3003	32
3004	21
3005	29
3006	19
3007	25
3008	29
3009	17
3010	28
3011	21
3012	27
3013	25
3014	24
3015	30
3016	23
3017	24
3018	31
3019	24
3020	35
3021	23
3022	14
3023	26
3024	20
3025	25
3026	27
3027	26
3028	28
3029	19
3030	24
3031	34
3032	26
3033	26
3034	16
3035	23
3036	28
3037	29
3038	20
3039	20
3040	23
3041	25
3042	25
3043	22
3044	16
3045	25
3046	22
3047	33
3048	20
3049	28
3050	19
3051	16
3052	31
3053	22
3054	24
3055	23
3056	13
3057	15
3058	35
3059	28
3060	12
3061	23
3062	25
3063	34
3064	20
3065	25
3066	35
3067	32
3068	18
3069	19
3070	22
3071	20
3072	19
3073	24
3074	24
3075	17
3076	24
3077	22
3078	20
3079	20
3080	15
3081	24
3082	32
3083	21
3084	17
3085	22
3086	25
3087	26
3088	22
3089	19
3090	19
3091	21
3092	31
3093	21
3094	24
3095	31
3096	29
3097	15
3098	29
3099	21
3100	22
3101	25
3102	20
3103	20
3104	29
3105	24
3106	33
3107	28
3108	19
3109	23
3110	24
3111	28
3112	26
3113	20
3114	32
3115	33
3116	22
3117	19
3118	22
3119	21
3120	21
3121	20
3122	19
3123	29
3124	23
3125	27
3126	21
3127	25
3128	25
3129	17
3130	24
3131	13
3132	25
3133	35
3134	21
3135	25
3136	27
3137	25
3138	22
3139	25
3140	26
3141	29
3142	34
3143	26
3144	32
3145	24
3146	25
3147	15
3148	26
3149	19
3150	19
3151	30
3152	25
3153	26
3154	26
3155	28
3156	23
3157	24
3158	24
3159	19
3160	19
3161	18
3162	19
3163	16
3164	17
3165	26
3166	30
3167	21
3168	24
3169	15
3170	31
3171	25
3172	34
3173	25
3174	29
3175	21
3176	29
3177	28
3178	19
3179	26
3180	23
3181	22
3182	31
3183	26
3184	30
3185	28
3186	32
3187	27
3188	34
3189	30
3190	26
3191	35
3192	26
3193	31
3194	27
3195	29
3196	25
3197	24
3198	33
3199	26
3200	28
3201	26
3202	26
3203	27
3204	27
3205	28
3206	29
3207	28
3208	30
3209	32
3210	26
3211	32
3212	29
3213	19
3214	29
3215	25
3216	40
3217	32
3218	27
3219	29
3220	23
3221	37
3222	36
3223	33
3224	25
3225	31
3226	36
3227	39
3228	38
3229	29
3230	28
3231	26
3232	29
3233	37
3234	34
3235	25
3236	27
3237	23
3238	33
3239	40
3240	40
3241	35
3242	24
3243	37
3244	48
3245	32
3246	41
3247	39
3248	24
3249	37
3250	37
3251	27
3252	21
3253	26
3254	23
3255	34
3256	49
3257	36
3258	34
3259	34
3260	39
3261	43
3262	44
3263	32
3264	39
3265	36
3266	43
3267	29
3268	45
3269	40
3270	46
3271	57
3272	32
3273	44
3274	40
3275	44
3276	44
3277	56
3278	47
3279	44
3280	31
3281	39
3282	42
3283	41
3284	48
3285	39
3286	42
3287	44
3288	45
3289	42
3290	43
3291	50
3292	43
3293	48
3294	61
3295	55
3296	49
3297	52
3298	45
3299	55
3300	45
3301	63
3302	47
3303	52
3304	78
3305	58
3306	76
3307	48
3308	46
3309	63
3310	70
3311	49
3312	64
3313	53
3314	63
3315	54
3316	66
3317	63
3318	56
3319	57
3320	63
3321	72
3322	74
3323	52
3324	51
3325	67
3326	71
3327	84
3328	96
3329	70
3330	75
3331	79
3332	72
3333	81
3334	69
3335	74
3336	85
3337	76
3338	103
3339	94
3340	72
3341	71
3342	70
3343	76
3344	75
3345	83
3346	79
3347	80
3348	99
3349	92
3350	84
3351	105
3352	101
3353	101
3354	72
3355	94
3356	108
3357	78
3358	105
3359	81
3360	100
3361	107
3362	105
3363	105
3364	110
3365	97
3366	116
3367	118
3368	123
3369	117
3370	111
3371	134
3372	119
3373	143
3374	131
3375	131
3376	137
3377	137
3378	135
3379	119
3380	126
3381	135
3382	163
3383	143
3384	127
3385	151
3386	136
3387	123
3388	168
3389	163
3390	147
3391	147
3392	161
3393	154
3394	160
3395	173
3396	166
3397	163
3398	151
3399	178
3400	169
3401	170
3402	179
3403	182
3404	172
3405	156
3406	179
3407	203
3408	172
3409	207
3410	208
3411	209
3412	195
3413	185
3414	173
3415	195
3416	194
3417	207
3418	217
3419	221
3420	217
3421	219
3422	213
3423	218
3424	231
3425	236
3426	214
3427	228
3428	239
3429	220
3430	225
3431	243
3432	244
3433	228
3434	236
3435	238
3436	238
3437	266
3438	244
3439	259
3440	242
3441	251
3442	283
3443	263
3444	268
3445	266
3446	272
3447	277
3448	262
3449	282
3450	301
3451	252
3452	304
3453	302
3454	282
3455	305
3456	307
3457	287
3458	257
3459	302
3460	282
3461	309
3462	311
3463	311
3464	308
3465	365
3466	304
3467	333
3468	336
3469	311
3470	342
3471	315
3472	352
3473	327
3474	314
3475	350
3476	385
3477	328
3478	354
3479	360
3480	357
3481	331
3482	398
3483	362
3484	412
3485	398
3486	368
3487	349
3488	410
3489	397
3490	379
3491	419
3492	388
3493	385
3494	395
3495	417
3496	403
3497	394
3498	427
3499	419
3500	385
3501	442
3502	446
3503	432
3504	417
3505	408
3506	448
3507	430
3508	469
3509	388
3510	453
3511	422
3512	456
3513	425
3514	470
3515	422
3516	439
3517	434
3518	489
3519	461
3520	491
3521	469
3522	494
3523	460
3524	478
3525	465
3526	498
3527	457
3528	447
3529	514
3530	466
3531	472
3532	451
3533	495
3534	465
3535	508
3536	491
3537	511
3538	505
3539	480
3540	515
3541	469
3542	534
3543	525
3544	537
3545	518
3546	536
3547	485
3548	508
3549	524
3550	507
3551	478
3552	472
3553	531
3554	568
3555	550
3556	499
3557	542
3558	498
3559	497
3560	527
3561	548
3562	487
3563	541
3564	528
3565	492
3566	514
3567	513
3568	510
3569	499
3570	556
3571	556
3572	539
3573	534
3574	529
3575	551
3576	567
3577	583
3578	480
3579	565
3580	513
3581	528
3582	568
3583	560
3584	527
3585	516
3586	496
3587	579
3588	517
3589	542
3590	566
3591	520
3592	565
3593	540
3594	546
3595	569
3596	505
3597	547
3598	514
3599	562
3600	555
3601	521
3602	569
3603	554
3604	510
3605	527
3606	579
3607	539
3608	559
3609	520
3610	473
3611	526
3612	528
3613	540
3614	495
3615	542
3616	542
3617	537
3618	544
3619	543
3620	504
3621	520
3622	521
3623	496
3624	505
3625	541
3626	510
3627	471
3628	523
3629	532
3630	494
3631	473
3632	490
3633	503
3634	514
3635	479
3636	506
3637	494
3638	522
3639	442
3640	455
3641	470
3642	529
3643	453
3644	451
3645	488
3646	483
3647	434
3648	466
3649	489
3650	437
3651	437
3652	500
3653	464
3654	475
3655	421
3656	413
3657	466
3658	450
3659	430
3660	446
3661	445
3662	432
3663	435
3664	395
3665	430
3666	434
3667	420
3668	397
3669	406
3670	373
3671	415
3672	416
3673	360
3674	409
3675	376
3676	394
3677	368
3678	363
3679	372
3680	399
3681	379
3682	374
3683	377
3684	343
3685	360
3686	373
3687	347
3688	360
3689	332
3690	359
3691	343
3692	337
3693	320
3694	315
3695	310
3696	298
3697	294
3698	335
3699	309
3700	297
3701	317
3702	313
3703	291
3704	293
3705	302
3706	282
3707	294
3708	294
3709	292
3710	299
3711	277
3712	272
3713	263
3714	249
3715	252
3716	231
3717	230
3718	246
3719	241
3720	245
3721	227
3722	247
3723	233
3724	236
3725	197
3726	222
3727	218
3728	227
3729	231
3730	231
3731	208
3732	233
3733	203
3734	224
3735	208
3736	242
3737	190
3738	171
3739	200
3740	187
3741	203
3742	199
3743	202
3744	206
3745	176
3746	165
3747	189
3748	183
3749	170
3750	165
3751	168
3752	157
3753	152
3754	156
3755	137
3756	164
3757	163
3758	160
3759	138
3760	173
3761	166
3762	142
3763	142
3764	133
3765	139
3766	142
3767	139
3768	109
3769	104
3770	120
3771	128
3772	120
3773	105
3774	130
3775	118
3776	122
3777	118
3778	96
3779	104
3780	116
3781	99
3782	98
3783	96
3784	99
3785	87
3786	88
3787	94
3788	90
3789	84
3790	81
3791	90
3792	77
3793	82
3794	71
3795	89
3796	80
3797	61
3798	76
3799	88
3800	69
3801	68
3802	76
3803	58
3804	75
3805	82
3806	61
3807	60
3808	61
3809	55
3810	62
3811	60
3812	60
3813	52
3814	55
3815	52
3816	54
3817	43
3818	58
3819	49
3820	41
3821	41
3822	45
3823	45
3824	38
3825	47
3826	42
3827	49
3828	51
3829	47
3830	41
3831	54
3832	44
3833	30
3834	40
3835	40
3836	35
3837	32
3838	34
3839	19
3840	29
3841	25
3842	25
3843	33
3844	31
3845	32
3846	22
3847	27
3848	28
3849	29
3850	18
3851	20
3852	18
3853	17
3854	23
3855	23
3856	27
3857	20
3858	32
3859	23
3860	23
3861	16
3862	18
3863	24
3864	15
3865	18
3866	20
3867	17
3868	12
3869	9
3870	18
3871	14
3872	19
3873	17
3874	23
3875	13
3876	16
3877	16
3878	15
3879	15
3880	13
3881	17
3882	9
3883	15
3884	9
3885	8
3886	6
3887	22
3888	18
3889	12
3890	12
3891	9
3892	7
3893	14
3894	8
3895	10
3896	4
3897	8
3898	9
3899	6
3900	6
3901	10
3902	10
3903	10
3904	5
3905	5
3906	6
3907	10
3908	5
3909	4
3910	11
3911	10
3912	12
3913	6
3914	6
3915	5
3916	6
3917	7
3918	7
3919	3
3920	4
3921	4
3922	9
3923	6
3924	4
3925	3
3926	3
3927	5
3928	5
3929	6
3930	4
3931	5
3932	1
3933	3
3934	3
3935	1
3936	4
3937	1
3938	4
3939	6
3940	6
3941	2
3942	4
3943	2
3944	2
3945	1
3946	3
3947	4
3948	2
3949	0
3950	4
3951	1
3952	4
3953	5
3954	2
3955	1
3956	3
3957	6
3958	0
3959	3
3960	3
3961	3
3962	2
3963	1
3964	5
3965	5
3966	4
3967	3
3968	5
3969	1
3970	0
3971	2
3972	1
3973	3
3974	5
3975	0
3976	1
3977	1
3978	3
3979	1
3980	0
3981	4
3982	2
3983	2
3984	4
3985	2
3986	3
3987	4
3988	3
3989	1
3990	1
3991	3
3992	0
3993	4
3994	2
3995	2
3996	1
3997	4
3998	1
3999	5
4000	2
4001	0
4002	2
4003	1
4004	0
4005	3
4006	2
4007	3
4008	2
4009	2
4010	2
4011	6
4012	3
4013	2
4014	3
4015	5
4016	1
4017	4
4018	1
4019	3
4020	0
4021	4
4022	2
4023	4
4024	1
4025	0
4026	3
4027	2
4028	3
4029	1
4030	2
4031	2
4032	0
4033	1
4034	1
4035	0
4036	0
4037	1
4038	2
4039	1
4040	2
4041	2
4042	3
4043	0
4044	2
4045	1
4046	2
4047	2
4048	3
4049	2
4050	1
4051	1
4052	2
4053	2
4054	5
4055	1
4056	4
4057	0
4058	1
4059	0
4060	2
4061	1
4062	1
4063	2
4064	1
4065	2
4066	2
4067	6
4068	1
4069	0
4070	1
4071	1
4072	2
4073	4
4074	1
4075	2
4076	1
4077	0
4078	0
4079	2
4080	1
4081	6
4082	3
4083	0
4084	1
4085	1
4086	3
4087	4
4088	1
4089	0
4090	3
4091	1
4092	5
4093	2
4094	1
4095	0
4096	3
4097	2
4098	5
4099	1
4100	4
4101	2
4102	4
4103	2
4104	1
4105	0
4106	1
4107	2
4108	1
4109	1
4110	3
4111	1
4112	1
4113	3
4114	3
4115	1
4116	4
4117	1
4118	0
4119	4
4120	1
4121	2
4122	0
4123	1
4124	4
4125	0
4126	1
4127	0
4128	3
4129	1
4130	1
4131	2
4132	3
4133	4
4134	2
4135	2
4136	1
4137	2
4138	1
4139	2
4140	1
4141	4
4142	1
4143	1
4144	5
4145	2
4146	4
4147	2
4148	2
4149	3
4150	0
4151	3
4152	3
4153	1
4154	3
4155	1
4156	1
4157	2
4158	2
4159	1
4160	0
4161	1
4162	5
4163	2
4164	1
4165	1
4166	1
4167	2
4168	2
4169	1
4170	3
4171	1
4172	9
4173	2
4174	2
4175	0
4176	3
4177	4
4178	1
4179	6
4180	1
4181	0
4182	0
4183	3
4184	0
4185	2
4186	3
4187	2
4188	0
4189	3
4190	2
4191	1
4192	0
4193	1
4194	1
4195	4
4196	0
4197	2
4198	5
4199	1
4200	4
4201	2
4202	1
4203	0
4204	1
4205	5
4206	0
4207	2
4208	3
4209	1
4210	2
4211	4
4212	1
4213	3
4214	0
4215	1
4216	2
4217	2
4218	3
4219	2
4220	0
4221	1
4222	3
4223	2
4224	0
4225	1
4226	0
4227	1
4228	0
4229	3
4230	6
4231	1
4232	0
4233	1
4234	1
4235	1
4236	1
4237	3
4238	1
4239	2
4240	3
4241	3
4242	1
4243	0
4244	1
4245	2
4246	2
4247	2
4248	1
4249	0
4250	0
4251	2
4252	0
4253	1
4254	3
4255	0
4256	2
4257	0
4258	3
4259	4
4260	2
4261	2
4262	0
4263	4
4264	1
4265	2
4266	2
4267	0
4268	2
4269	2
4270	1
4271	1
4272	3
4273	3
4274	2
4275	3
4276	4
4277	3
4278	2
4279	0
4280	3
4281	2
4282	0
4283	3
4284	2
4285	1
4286	2
4287	1
4288	1
4289	2
4290	4
4291	1
4292	2
4293	1
4294	3
4295	1
4296	1
4297	2
4298	4
4299	0
4300	2
4301	3
4302	1
4303	1
4304	0
4305	2
4306	2
4307	2
4308	4
4309	2
4310	3
4311	2
4312	3
4313	1
4314	2
4315	3
4316	0
4317	2
4318	2
4319	2
4320	2
4321	0
4322	1
4323	5
4324	1
4325	3
4326	1
4327	1
4328	1
4329	2
4330	3
4331	0
4332	1
4333	2
4334	2
4335	2
4336	0
4337	0
4338	2
4339	1
4340	1
4341	3
4342	1
4343	3
4344	0
4345	3
4346	3
4347	4
4348	2
4349	2
4350	0
4351	2
4352	2
4353	1
4354	3
4355	1
4356	1
4357	1
4358	2
4359	2
4360	0
4361	1
4362	0
4363	2
4364	0
4365	1
4366	1
4367	1
4368	2
4369	2
4370	0
4371	2
4372	0
4373	1
4374	0
4375	1
4376	2
4377	3
4378	2
4379	0
4380	3
4381	3
4382	5
4383	3
4384	3
4385	0
4386	0
4387	1
4388	3
4389	2
4390	1
4391	1
4392	0
4393	0
4394	1
4395	1
4396	3
4397	1
4398	1
4399	2
4400	3
4401	1
4402	1
4403	8
4404	1
4405	0
4406	2
4407	2
4408	2
4409	1
4410	2
4411	0
4412	0
4413	4
4414	0
4415	2
4416	2
4417	1
4418	3
4419	2
4420	1
4421	2
4422	2
4423	3
4424	2
4425	1
4426	2
4427	1
4428	0
4429	2
4430	3
4431	0
4432	1
4433	3
4434	1
4435	1
4436	3
4437	1
4438	1
4439	3
4440	0
4441	1
4442	1
4443	0
4444	0
4445	2
4446	1
4447	4
4448	2
4449	1
4450	4
4451	1
4452	4
4453	1
4454	4
4455	2
4456	1
4457	2
4458	1
4459	2
4460	2
4461	2
4462	2
4463	0
4464	2
4465	2
4466	2
4467	4
4468	0
4469	1
4470	1
4471	2
4472	1
4473	1
4474	4
4475	2
4476	2
4477	2
4478	1
4479	2
4480	2
4481	1
4482	3
4483	1
4484	2
4485	1
4486	2
4487	2
4488	4
4489	1
4490	1
4491	1
4492	1
4493	1
4494	3
4495	2
4496	1
4497	1
4498	0
4499	1
4500	0
4501	1
4502	2
4503	0
4504	1
4505	0
4506	4
4507	0
4508	1
4509	2
4510	0
4511	0
4512	1
4513	1
4514	1
4515	3
4516	1
4517	1
4518	0
4519	1
4520	3
4521	3
4522	1
4523	1
4524	0
4525	2
4526	2
4527	6
4528	2
4529	3
4530	2
4531	2
4532	1
4533	0
4534	2
4535	0
4536	5
4537	2
4538	1
4539	3
4540	3
4541	1
4542	0
4543	3
4544	1
4545	3
4546	2
4547	1
4548	2
4549	1
4550	2
4551	2
4552	3
4553	1
4554	0
4555	0
4556	2
4557	0
4558	0
4559	2
4560	2
4561	3
4562	2
4563	1
4564	0
4565	6
4566	1
4567	2
4568	1
4569	2
4570	2
4571	2
4572	2
4573	1
4574	1
4575	3
4576	0
4577	2
4578	1
4579	2
4580	0
4581	1
4582	2
4583	0
4584	0
4585	6
4586	0
4587	3
4588	1
4589	1
4590	0
4591	2
4592	0
4593	0
4594	0
4595	3
4596	1
4597	3
4598	0
4599	2
4600	1
4601	1
4602	0
4603	2
4604	4
4605	0
4606	1
4607	3
4608	0
4609	1
4610	1
4611	0
4612	0
4613	0
4614	1
4615	3
4616	2
4617	0
4618	0
4619	3
4620	0
4621	0
4622	1
4623	2
4624	2
4625	2
4626	2
4627	1
4628	2
4629	3
4630	0
4631	3
4632	0
4633	3
4634	2
4635	1
4636	0
4637	2
4638	4
4639	1
4640	0
4641	0
4642	0
4643	0
4644	1
4645	2
4646	2
4647	2
4648	4
4649	2
4650	2
4651	4
4652	6
4653	1
4654	1
4655	2
4656	0
4657	0
4658	1
4659	0
4660	0
4661	1
4662	2
4663	1
4664	1
4665	1
4666	3
4667	3
4668	0
4669	0
4670	1
4671	0
4672	2
4673	2
4674	3
4675	1
4676	3
4677	4
4678	2
4679	1
4680	3
4681	3
4682	1
4683	0
4684	2
4685	0
4686	4
4687	2
4688	5
4689	2
4690	3
4691	1
4692	2
4693	1
4694	1
4695	1
4696	2
4697	1
4698	1
4699	3
4700	5
4701	1
4702	1
4703	2
4704	2
4705	1
4706	3
4707	0
4708	2
4709	3
4710	1
4711	1
4712	3
4713	1
4714	3
4715	3
4716	1
4717	0
4718	5
4719	3
4720	0
4721	2
4722	4
4723	0
4724	3
4725	2
4726	0
4727	2
4728	2
4729	1
4730	2
4731	3
4732	0
4733	0
4734	3
4735	1
4736	0
4737	2
4738	1
4739	2
4740	0
4741	3
4742	2
4743	3
4744	1
4745	1
4746	2
4747	1
4748	0
4749	3
4750	1
4751	1
4752	3
4753	2
4754	2
4755	3
4756	1
4757	0
4758	0
4759	1
4760	1
4761	2
4762	2
4763	2
4764	1
4765	2
4766	0
4767	1
4768	1
4769	1
4770	0
4771	2
4772	0
4773	1
4774	1
4775	0
4776	0
4777	2
4778	1
4779	1
4780	1
4781	0
4782	1
4783	1
4784	1
4785	1
4786	1
4787	1
4788	2
4789	1
4790	2
4791	2
4792	2
4793	3
4794	1
4795	1
4796	0
4797	1
4798	2
4799	2
4800	4
4801	2
4802	1
4803	3
4804	1
4805	2
4806	2
4807	1
4808	3
4809	2
4810	1
4811	4
4812	3
4813	0
4814	0
4815	0
4816	3
4817	1
4818	1
4819	2
4820	1
4821	2
4822	0
4823	2
4824	1
4825	0
4826	0
4827	0
4828	1
4829	0
4830	3
4831	0
4832	2
4833	0
4834	2
4835	3
4836	2
4837	3
4838	0
4839	1
4840	5
4841	4
4842	2
4843	3
4844	1
4845	3
4846	1
4847	1
4848	1
4849	0
4850	5
4851	1
4852	1
4853	2
4854	3
4855	0
4856	1
4857	2
4858	2
4859	5
4860	2
4861	2
4862	0
4863	2
4864	0
4865	2
4866	1
4867	5
4868	2
4869	2
4870	5
4871	3
4872	0
4873	3
4874	2
4875	0
4876	1
4877	4
4878	1
4879	2
4880	0
4881	0
4882	0
4883	3
4884	1
4885	1
4886	1
4887	3
4888	1
4889	1
4890	0
4891	2
4892	4
4893	1
4894	1
4895	0
4896	2
4897	3
4898	1
4899	1
4900	2
4901	0
4902	4
4903	1
4904	2
4905	2
4906	0
4907	1
4908	2
4909	1
4910	2
4911	1
4912	1
4913	2
4914	1
4915	2
4916	1
4917	0
4918	1
4919	2
4920	1
4921	1
4922	3
4923	1
4924	1
4925	1
4926	0
4927	0
4928	1
4929	3
4930	3
4931	1
4932	1
4933	0
4934	0
4935	0
4936	1
4937	1
4938	1
4939	2
4940	6
4941	1
4942	3
4943	2
4944	1
4945	1
4946	4
4947	3
4948	4
4949	0
4950	0
4951	3
4952	2
4953	1
4954	1
4955	2
4956	2
4957	1
4958	0
4959	0
4960	2
4961	3
4962	5
4963	1
4964	0
4965	1
4966	1
4967	1
4968	1
4969	2
4970	1
4971	3
4972	1
4973	3
4974	1
4975	0
4976	1
4977	3
4978	4
4979	1
4980	0
4981	1
4982	1
4983	3
4984	1
4985	4
4986	2
4987	2
4988	3
4989	1
4990	0
4991	1
4992	4
4993	1
4994	1
4995	0
4996	1
4997	2
4998	2
4999	1
5000	0
5001	2
5002	0
5003	0
5004	0
5005	4
5006	3
5007	3
5008	1
5009	2
5010	2
5011	1
5012	1
5013	1
5014	1
5015	1
5016	0
5017	3
5018	2
5019	2
5020	2
5021	2
5022	2
5023	0
5024	3
5025	1
5026	1
5027	2
5028	0
5029	0
5030	2
5031	4
5032	2
5033	1
5034	0
5035	2
5036	2
5037	0
5038	4
5039	1
5040	0
5041	2
5042	2
5043	1
5044	1
5045	0
5046	2
5047	2
5048	4
5049	1
5050	0
5051	2
5052	1
5053	1
5054	0
5055	0
5056	0
5057	2
5058	2
5059	1
5060	0
5061	0
5062	4
5063	1
5064	0
5065	1
5066	0
5067	1
5068	5
5069	0
5070	3
5071	4
5072	2
5073	1
5074	1
5075	1
5076	0
5077	1
5078	0
5079	1
5080	3
5081	2
5082	0
5083	0
5084	2
5085	1
5086	0
5087	0
5088	1
5089	0
5090	0
5091	1
5092	1
5093	3
5094	1
5095	0
5096	0
5097	4
5098	1
5099	0
5100	0
5101	0
5102	0
5103	0
5104	3
5105	6
5106	0
5107	1
5108	1
5109	1
5110	1
5111	1
5112	0
5113	3
5114	3
5115	0
5116	2
5117	3
5118	4
5119	4
5120	0
5121	2
5122	2
5123	2
5124	1
5125	2
5126	2
5127	1
5128	3
5129	1
5130	1
5131	1
5132	3
5133	0
5134	1
5135	1
5136	3
5137	1
5138	5
5139	2
5140	2
5141	2
5142	0
5143	0
5144	1
5145	0
5146	1
5147	1
5148	1
5149	1
5150	1
5151	0
5152	1
5153	1
5154	1
5155	3
5156	2
5157	0
5158	1
5159	0
5160	4
5161	1
5162	0
5163	3
5164	3
5165	0
5166	4
5167	0
5168	1
5169	2
5170	0
5171	4
5172	2
5173	1
5174	2
5175	1
5176	3
5177	1
5178	1
5179	2
5180	1
5181	2
5182	1
5183	4
5184	1
5185	0
5186	1
5187	1
5188	0
5189	4
5190	2
5191	1
5192	2
5193	2
5194	1
5195	2
5196	1
5197	2
5198	3
5199	4
5200	1
5201	0
5202	0
5203	0
5204	2
5205	4
5206	1
5207	0
5208	2
5209	2
5210	2
5211	0
5212	2
5213	2
5214	0
5215	2
5216	1
5217	1
5218	0
5219	3
5220	0
5221	0
5222	1
5223	2
5224	1
5225	1
5226	5
5227	0
5228	3
5229	1
5230	2
5231	2
5232	2
5233	1
5234	1
5235	0
5236	1
5237	0
5238	0
5239	0
5240	1
5241	0
5242	0
5243	3
5244	2
5245	2
5246	0
5247	0
5248	2
5249	1
5250	1
5251	1
5252	2
5253	1
5254	3
5255	1
5256	1
5257	3
5258	2
5259	1
5260	0
5261	1
5262	0
5263	1
5264	3
5265	2
5266	0
5267	0
5268	1
5269	1
5270	1
5271	1
5272	1
5273	3
5274	1
5275	2
5276	1
5277	4
5278	1
5279	1
5280	1
5281	0
5282	1
5283	0
5284	0
5285	0
5286	1
5287	1
5288	0
5289	1
5290	1
5291	1
5292	3
5293	1
5294	1
5295	2
5296	0
5297	1
5298	1
5299	0
5300	1
5301	4
5302	1
5303	1
5304	2
5305	0
5306	1
5307	3
5308	0
5309	1
5310	1
5311	1
5312	4
5313	1
5314	0
5315	1
5316	2
5317	1
5318	1
5319	1
5320	1
5321	1
5322	1
5323	0
5324	1
5325	2
5326	0
5327	0
5328	0
5329	1
5330	2
5331	2
5332	1
5333	2
5334	0
5335	2
5336	2
5337	3
5338	1
5339	2
5340	1
5341	1
5342	0
5343	2
5344	0
5345	1
5346	0
5347	0
5348	0
5349	2
5350	0
5351	0
5352	0
5353	1
5354	1
5355	0
5356	0
5357	2
5358	3
5359	0
5360	0
5361	0
5362	1
5363	1
5364	3
5365	1
5366	1
5367	0
5368	0
5369	2
5370	1
5371	2
5372	0
5373	1
5374	0
5375	1
5376	2
5377	1
5378	1
5379	2
5380	3
5381	2
5382	1
5383	2
5384	0
5385	2
5386	4
5387	2
5388	2
5389	1
5390	2
5391	1
5392	0
5393	1
5394	2
5395	0
5396	1
5397	1
5398	0
5399	0
5400	0
5401	1
5402	1
5403	5
5404	1
5405	0
5406	0
5407	0
5408	1
5409	1
5410	0
5411	1
5412	2
5413	1
5414	0
5415	0
5416	1
5417	1
5418	0
5419	2
5420	0
5421	3
5422	0
5423	1
5424	0
5425	1
5426	3
5427	1
5428	0
5429	3
5430	1
5431	3
5432	0
5433	1
5434	3
5435	0
5436	2
5437	2
5438	0
5439	1
5440	1
5441	1
5442	1
5443	0
5444	0
5445	0
5446	1
5447	1
5448	3
5449	1
5450	0
5451	1
5452	2
5453	0
5454	0
5455	0
5456	3
5457	1
5458	0
5459	1
5460	1
5461	1
5462	0
5463	0
5464	1
5465	1
5466	0
5467	0
5468	3
5469	1
5470	2
5471	1
5472	0
5473	0
5474	1
5475	0
5476	1
5477	0
5478	0
5479	2
5480	0
5481	1
5482	2
5483	1
5484	1
5485	0
5486	1
5487	1
5488	2
5489	0
5490	1
5491	1
5492	0
5493	0
5494	3
5495	0
5496	2
5497	1
5498	2
5499	1
5500	0
5501	1
5502	2
5503	2
5504	0
5505	1
5506	1
5507	0
5508	0
5509	0
5510	0
5511	1
5512	2
5513	0
5514	1
5515	2
5516	0
5517	2
5518	0
5519	4
5520	0
5521	0
5522	2
5523	2
5524	2
5525	1
5526	1
5527	1
5528	2
5529	2
5530	0
5531	1
5532	1
5533	2
5534	0
5535	1
5536	1
5537	1
5538	0
5539	0
5540	0
5541	0
5542	2
5543	1
5544	0
5545	0
5546	2
5547	1
5548	2
5549	0
5550	1
5551	1
5552	0
5553	1
5554	2
5555	0
5556	3
5557	0
5558	0
5559	1
5560	0
5561	1
5562	1
5563	3
5564	0
5565	2
5566	0
5567	0
5568	1
5569	1
5570	0
5571	1
5572	0
5573	1
5574	0
5575	1
5576	1
5577	1
5578	2
5579	0
5580	3
5581	0
5582	2
5583	1
5584	1
5585	2
5586	0
5587	0
5588	0
5589	0
5590	0
5591	1
5592	1
5593	0
5594	2
5595	0
5596	1
5597	2
5598	0
5599	0
5600	1
5601	2
5602	1
5603	2
5604	2
5605	1
5606	0
5607	1
5608	1
5609	0
5610	2
5611	0
5612	0
5613	0
5614	2
5615	0
5616	1
5617	0
5618	1
5619	1
5620	1
5621	0
5622	1
5623	1
5624	2
5625	1
5626	1
5627	1
5628	2
5629	2
5630	2
5631	1
5632	0
5633	0
5634	2
5635	0
5636	0
5637	0
5638	0
5639	1
5640	0
5641	0
5642	2
5643	3
5644	0
5645	2
5646	2
5647	1
5648	3
5649	1
5650	1
5651	3
5652	0
5653	3
5654	1
5655	3
5656	0
5657	0
5658	1
5659	1
5660	3
5661	1
5662	1
5663	1
5664	1
5665	1
5666	0
5667	2
5668	0
5669	0
5670	0
5671	1
5672	0
5673	0
5674	1
5675	1
5676	2
5677	0
5678	2
5679	0
5680	1
5681	1
5682	1
5683	1
5684	0
5685	3
5686	0
5687	1
5688	2
5689	1
5690	0
5691	2
5692	1
5693	0
5694	1
5695	1
5696	1
5697	2
5698	0
5699	0
5700	2
5701	1
5702	1
5703	0
5704	2
5705	3
5706	2
5707	0
5708	1
5709	2
5710	1
5711	1
5712	1
5713	0
5714	1
5715	0
5716	0
5717	0
5718	0
5719	1
5720	0
5721	0
5722	0
5723	0
5724	1
5725	0
5726	0
5727	0
5728	0
5729	2
5730	3
5731	0
5732	2
5733	2
5734	0
5735	2
5736	1
5737	2
5738	4
5739	1
5740	0
5741	0
5742	0
5743	1
5744	0
5745	2
5746	0
5747	1
5748	2
5749	0
5750	0
5751	1
5752	2
5753	1
5754	0
5755	4
5756	1
5757	3
5758	0
5759	1
5760	1
5761	1
5762	3
5763	0
5764	1
5765	2
5766	3
5767	1
5768	1
5769	2
5770	0
5771	2
5772	0
5773	1
5774	2
5775	0
5776	0
5777	0
5778	1
5779	0
5780	2
5781	3
5782	1
5783	0
5784	0
5785	3
5786	2
5787	1
5788	1
5789	3
5790	0
5791	0
5792	1
5793	1
5794	3
5795	1
5796	0
5797	1
5798	0
5799	0
5800	1
5801	0
5802	2
5803	2
5804	3
5805	1
5806	1
5807	0
5808	0
5809	0
5810	1
5811	0
5812	3
5813	0
5814	1
5815	1
5816	0
5817	0
5818	2
5819	2
5820	0
5821	0
5822	1
5823	1
5824	1
5825	0
5826	1
5827	2
5828	0
5829	1
5830	0
5831	2
5832	0
5833	3
5834	1
5835	1
5836	1
5837	0
5838	1
5839	2
5840	2
5841	0
5842	1
5843	0
5844	1
5845	1
5846	3
5847	1
5848	0
5849	1
5850	1
5851	1
5852	2
5853	2
5854	2
5855	2
5856	1
5857	0
5858	1
5859	0
5860	0
5861	0
5862	1
5863	0
5864	0
5865	2
5866	0
5867	0
5868	1
5869	0
5870	1
5871	1
5872	0
5873	1
5874	0
5875	3
5876	0
5877	1
5878	2
5879	1
5880	1
5881	1
5882	0
5883	0
5884	0
5885	0
5886	1
5887	3
5888	1
5889	2
5890	3
5891	0
5892	0
5893	2
5894	2
5895	0
5896	0
5897	0
5898	2
5899	3
5900	1
5901	3
5902	2
5903	1
5904	0
5905	1
5906	3
5907	3
5908	1
5909	3
5910	0
5911	2
5912	0
5913	1
5914	0
5915	1
5916	1
5917	1
5918	1
5919	1
5920	1
5921	1
5922	1
5923	2
5924	1
5925	1
5926	1
5927	3
5928	0
5929	0
5930	1
5931	0
5932	0
5933	2
5934	1
5935	1
5936	2
5937	5
5938	0
5939	4
5940	3
5941	0
5942	0
5943	1
5944	3
5945	1
5946	0
5947	0
5948	0
5949	1
5950	1
5951	0
5952	0
5953	1
5954	0
5955	0
5956	1
5957	2
5958	2
5959	1
5960	2
5961	1
5962	3
5963	2
5964	1
5965	0
5966	0
5967	2
5968	0
5969	0
5970	0
5971	0
5972	2
5973	2
5974	1
5975	1
5976	4
5977	0
5978	0
5979	1
5980	2
5981	0
5982	0
5983	1
5984	0
5985	1
5986	2
5987	3
5988	1
5989	1
5990	2
5991	1
5992	1
5993	0
5994	1
5995	1
5996	2
5997	1
5998	0
5999	0
6000	0
6001	2
6002	1
6003	0
6004	1
6005	1
6006	1
6007	1
6008	0
6009	1
6010	2
6011	2
6012	2
6013	1
6014	4
6015	0
6016	0
6017	1
6018	0
6019	1
6020	0
6021	0
6022	0
6023	3
6024	0
6025	0
6026	1
6027	1
6028	3
6029	2
6030	0
6031	2
6032	0
6033	0
6034	1
6035	1
6036	3
6037	0
6038	3
6039	0
6040	3
6041	0
6042	0
6043	0
6044	0
6045	1
6046	1
6047	1
6048	0
6049	1
6050	0
6051	3
6052	1
6053	0
6054	1
6055	1
6056	0
6057	4
6058	0
6059	1
6060	4
6061	3
6062	0
6063	0
6064	0
6065	1
6066	1
6067	2
6068	1
6069	2
6070	2
6071	0
6072	1
6073	0
6074	1
6075	2
6076	0
6077	4
6078	1
6079	3
6080	1
6081	4
6082	2
6083	1
6084	0
6085	1
6086	2
6087	1
6088	2
6089	0
6090	0
6091	1
6092	0
6093	0
6094	0
6095	0
6096	1
6097	2
6098	0
6099	1
6100	0
6101	1
6102	3
6103	0
6104	1
6105	1
6106	1
6107	1
6108	1
6109	0
6110	0
6111	0
6112	3
6113	0
6114	0
6115	2
6116	2
6117	0
6118	0
6119	0
6120	0
6121	1
6122	0
6123	0
6124	2
6125	1
6126	1
6127	1
6128	2
6129	1
6130	2
6131	0
6132	0
6133	0
6134	2
6135	1
6136	3
6137	1
6138	0
6139	1
6140	0
6141	0
6142	1
6143	1
6144	1
6145	1
6146	1
6147	0
6148	1
6149	4
6150	2
6151	1
6152	0
6153	0
6154	1
6155	0
6156	0
6157	1
6158	0
6159	0
6160	1
6161	0
6162	0
6163	2
6164	1
6165	1
6166	0
6167	1
6168	1
6169	0
6170	2
6171	1
6172	1
6173	2
6174	1
6175	0
6176	2
6177	2
6178	2
6179	1
6180	0
6181	1
6182	0
6183	0
6184	2
6185	0
6186	2
6187	0
6188	1
6189	4
6190	1
6191	0
6192	2
6193	1
6194	1
6195	1
6196	0
6197	0
6198	1
6199	0
6200	0
6201	0
6202	2
6203	0
6204	3
6205	1
6206	2
6207	0
6208	1
6209	0
6210	2
6211	0
6212	0
6213	1
6214	0
6215	1
6216	0
6217	1
6218	0
6219	2
6220	1
6221	2
6222	0
6223	0
6224	2
6225	0
6226	0
6227	0
6228	0
6229	0
6230	0
6231	2
6232	0
6233	0
6234	1
6235	2
6236	1
6237	3
6238	0
6239	2
6240	0
6241	0
6242	2
6243	1
6244	1
6245	3
6246	1
6247	1
6248	3
6249	2
6250	0
6251	0
6252	0
6253	0
6254	1
6255	0
6256	0
6257	0
6258	2
6259	2
6260	1
6261	0
6262	0
6263	1
6264	0
6265	2
6266	2
6267	1
6268	1
6269	0
6270	1
6271	1
6272	1
6273	0
6274	1
6275	2
6276	2
6277	1
6278	3
6279	0
6280	1
6281	1
6282	1
6283	0
6284	0
6285	2
6286	3
6287	1
6288	1
6289	1
6290	0
6291	1
6292	1
6293	0
6294	0
6295	0
6296	0
6297	0
6298	1
6299	2
6300	1
6301	0
6302	1
6303	1
6304	1
6305	2
6306	0
6307	2
6308	0
6309	1
6310	1
6311	0
6312	0
6313	0
6314	4
6315	0
6316	0
6317	1
6318	1
6319	1
6320	3
6321	0
6322	2
6323	0
6324	1
6325	2
6326	0
6327	0
6328	2
6329	2
6330	0
6331	0
6332	0
6333	0
6334	1
6335	0
6336	0
6337	1
6338	1
6339	0
6340	1
6341	1
6342	0
6343	0
6344	1
6345	2
6346	0
6347	1
6348	1
6349	0
6350	2
6351	0
6352	1
6353	3
6354	1
6355	0
6356	1
6357	1
6358	1
6359	0
6360	1
6361	1
6362	2
6363	0
6364	0
6365	2
6366	1
6367	0
6368	0
6369	1
6370	2
6371	0
6372	2
6373	1
6374	0
6375	1
6376	1
6377	1
6378	2
6379	0
6380	0
6381	0
6382	2
6383	3
6384	1
6385	3
6386	3
6387	0
6388	1
6389	1
6390	1
6391	0
6392	0
6393	0
6394	2
6395	0
6396	1
6397	1
6398	1
6399	0
6400	0
6401	1
6402	0
6403	0
6404	0
6405	0
6406	1
6407	2
6408	2
6409	0
6410	0
6411	1
6412	1
6413	1
6414	0
6415	2
6416	0
6417	2
6418	0
6419	1
6420	3
6421	3
6422	0
6423	2
6424	1
6425	1
6426	1
6427	1
6428	0
6429	0
6430	2
6431	0
6432	1
6433	2
6434	1
6435	1
6436	1
6437	1
6438	1
6439	0
6440	1
6441	2
6442	1
6443	1
6444	0
6445	1
6446	0
6447	0
6448	0
6449	1
6450	2
6451	1
6452	1
6453	1
6454	0
6455	0
6456	1
6457	0
6458	1
6459	0
6460	1
6461	0
6462	0
6463	0
6464	2
6465	3
6466	0
6467	0
6468	1
6469	0
6470	1
6471	1
6472	2
6473	1
6474	1
6475	1
6476	1
6477	0
6478	0
6479	1
6480	0
6481	1
6482	1
6483	0
6484	0
6485	1
6486	1
6487	0
6488	1
6489	0
6490	0
6491	1
6492	0
6493	1
6494	0
6495	1
6496	1
6497	1
6498	0
6499	0
6500	0
6501	1
6502	0
6503	3
6504	0
6505	2
6506	1
6507	2
6508	0
6509	0
6510	1
6511	2
6512	0
6513	0
6514	3
6515	2
6516	0
6517	1
6518	0
6519	0
6520	0
6521	0
6522	0
6523	2
6524	1
6525	0
6526	1
6527	1
6528	0
6529	0
6530	0
6531	0
6532	1
6533	2
6534	1
6535	0
6536	1
6537	0
6538	0
6539	3
6540	1
6541	0
6542	1
6543	1
6544	1
6545	1
6546	1
6547	0
6548	1
6549	0
6550	0
6551	3
6552	1
6553	0
6554	2
6555	1
6556	0
6557	0
6558	2
6559	0
6560	0
6561	0
6562	2
6563	0
6564	0
6565	0
6566	0
6567	1
6568	0
6569	0
6570	0
6571	3
6572	0
6573	1
6574	1
6575	0
6576	0
6577	1
6578	0
6579	0
6580	1
6581	1
6582	1
6583	0
6584	0
6585	1
6586	0
6587	1
6588	0
6589	0
6590	0
6591	0
6592	1
6593	1
6594	0
6595	0
6596	2
6597	0
6598	0
6599	0
6600	2
6601	0
6602	1
6603	1
6604	2
6605	0
6606	0
6607	1
6608	1
6609	0
6610	1
6611	0
6612	1
6613	0
6614	1
6615	1
6616	0
6617	0
6618	1
6619	0
6620	2
6621	1
6622	0
6623	0
6624	1
6625	3
6626	1
6627	0
6628	0
6629	0
6630	0
6631	1
6632	0
6633	1
6634	0
6635	0
6636	0
6637	1
6638	0
6639	0
6640	0
6641	0
6642	2
6643	1
6644	2
6645	2
6646	0
6647	2
6648	1
6649	0
6650	1
6651	0
6652	3
6653	0
6654	0
6655	0
6656	2
6657	0
6658	0
6659	2
6660	0
6661	1
6662	0
6663	0
6664	0
6665	2
6666	1
6667	0
6668	0
6669	0
6670	1
6671	0
6672	5
6673	1
6674	1
6675	0
6676	0
6677	1
6678	1
6679	0
6680	0
6681	1
6682	1
6683	0
6684	1
6685	0
6686	2
6687	0
6688	1
6689	0
6690	0
6691	1
6692	0
6693	0
6694	0
6695	0
6696	0
6697	0
6698	0
6699	0
6700	0
6701	0
6702	1
6703	0
6704	0
6705	0
6706	0
6707	1
6708	0
6709	0
6710	0
6711	2
6712	1
6713	1
6714	0
6715	0
6716	0
6717	0
6718	0
6719	1
6720	1
6721	1
6722	0
6723	1
6724	1
6725	0
6726	1
6727	2
6728	2
6729	0
6730	0
6731	0
6732	0
6733	2
6734	0
6735	0
6736	0
6737	0
6738	2
6739	0
6740	1
6741	0
6742	0
6743	0
6744	1
6745	1
6746	0
6747	0
6748	0
6749	0
6750	0
6751	0
6752	1
6753	0
6754	0
6755	1
6756	0
6757	1
6758	1
6759	1
6760	0
6761	0
6762	1
6763	2
6764	1
6765	0
6766	2
6767	0
6768	0
6769	0
6770	0
6771	0
6772	0
6773	1
6774	2
6775	0
6776	0
6777	0
6778	0
6779	3
6780	0
6781	0
6782	0
6783	1
6784	1
6785	0
6786	0
6787	0
6788	0
6789	0
6790	0
6791	0
6792	0
6793	0
6794	0
6795	1
6796	1
6797	2
6798	3
6799	1
6800	1
6801	1
6802	0
6803	0
6804	1
6805	0
6806	1
6807	0
6808	0
6809	1
6810	0
6811	0
6812	2
6813	1
6814	1
6815	1
6816	0
6817	0
6818	2
6819	1
6820	1
6821	2
6822	0
6823	1
6824	0
6825	1
6826	0
6827	1
6828	1
6829	0
6830	1
6831	1
6832	0
6833	0
6834	3
6835	1
6836	0
6837	0
6838	0
6839	0
6840	1
6841	1
6842	1
6843	0
6844	1
6845	0
6846	3
6847	1
6848	1
6849	1
6850	1
6851	1
6852	0
6853	0
6854	0
6855	2
6856	0
6857	0
6858	1
6859	1
6860	0
6861	1
6862	0
6863	1
6864	1
6865	0
6866	0
6867	0
6868	0
6869	0
6870	0
6871	0
6872	0
6873	0
6874	1
6875	0
6876	0
6877	0
6878	0
6879	1
6880	0
6881	0
6882	1
6883	1
6884	0
6885	0
6886	0
6887	2
6888	0
6889	0
6890	1
6891	0
6892	2
6893	0
6894	0
6895	0
6896	1
6897	1
6898	0
6899	0
6900	0
6901	0
6902	1
6903	0
6904	1
6905	0
6906	1
6907	0
6908	0
6909	1
6910	0
6911	0
6912	0
6913	0
6914	0
6915	1
6916	1
6917	1
6918	0
6919	0
6920	0
6921	0
6922	0
6923	0
6924	0
6925	1
6926	0
6927	1
6928	0
6929	0
6930	0
6931	0
6932	0
6933	0
6934	0
6935	0
6936	1
6937	0
6938	0
6939	0
6940	0
6941	0
6942	0
6943	0
6944	2
6945	1
6946	0
6947	0
6948	1
6949	1
6950	0
6951	0
6952	0
6953	2
6954	0
6955	1
6956	0
6957	1
6958	1
6959	1
6960	0
6961	1
6962	0
6963	0
6964	0
6965	0
6966	0
6967	0
6968	0
6969	0
6970	1
6971	1
6972	0
6973	1
6974	0
6975	0
6976	1
6977	0
6978	0
6979	1
6980	0
6981	0
6982	0
6983	1
6984	1
6985	0
6986	0
6987	0
6988	1
6989	1
6990	2
6991	1
6992	0
6993	1
6994	0
6995	0
6996	0
6997	1
6998	1
6999	0
7000	0
7001	2
7002	0
7003	1
7004	0
7005	2
7006	0
7007	0
7008	0
7009	1
7010	1
7011	0
7012	0
7013	0
7014	0
7015	0
7016	0
7017	1
7018	1
7019	1
7020	1
7021	0
7022	0
7023	0
7024	0
7025	0
7026	0
7027	0
7028	0
7029	0
7030	2
7031	0
7032	0
7033	1
7034	1
7035	0
7036	0
7037	0
7038	0
7039	1
7040	3
7041	0
7042	0
7043	0
7044	0
7045	3
7046	0
7047	1
7048	0
7049	0
7050	0
7051	0
7052	0
7053	0
7054	0
7055	1
7056	1
7057	1
7058	0
7059	0
7060	0
7061	1
7062	2
7063	0
7064	0
7065	1
7066	0
7067	0
7068	1
7069	1
7070	0
7071	0
7072	0
7073	0
7074	0
7075	0
7076	1
7077	0
7078	0
7079	0
7080	1
7081	1
7082	0
7083	4
7084	0
7085	0
7086	2
7087	1
7088	1
7089	0
7090	0
7091	0
7092	0
7093	0
7094	2
7095	0
7096	1
7097	0
7098	0
7099	0
7100	2
7101	0
7102	0
7103	0
7104	2
7105	1
7106	1
7107	1
7108	0
7109	0
7110	1
7111	0
7112	0
7113	1
7114	1
7115	0
7116	0
7117	0
7118	0
7119	0
7120	0
7121	0
7122	0
7123	0
7124	0
7125	4
7126	2
7127	0
7128	0
7129	0
7130	0
7131	1
7132	0
7133	0
7134	1
7135	0
7136	0
7137	0
7138	0
7139	0
7140	0
7141	2
7142	0
7143	0
7144	0
7145	1
7146	0
7147	3
7148	1
7149	0
7150	0
7151	1
7152	1
7153	0
7154	0
7155	1
7156	0
7157	0
7158	0
7159	0
7160	0
7161	1
7162	0
7163	0
7164	0
7165	0
7166	0
7167	1
7168	0
7169	0
7170	0
7171	0
7172	1
7173	0
7174	1
7175	0
7176	2
7177	2
7178	0
7179	0
7180	0
7181	0
7182	0
7183	2
7184	0
7185	0
7186	0
7187	0
7188	0
7189	1
7190	1
7191	0
7192	0
7193	1
7194	0
7195	0
7196	0
7197	1
7198	1
7199	0
7200	0
7201	0
7202	0
7203	1
7204	0
7205	1
7206	0
7207	0
7208	0
7209	0
7210	0
7211	2
7212	0
7213	0
7214	1
7215	1
7216	0
7217	1
7218	0
7219	0
7220	1
7221	0
7222	0
7223	0
7224	0
7225	0
7226	0
7227	0
7228	0
7229	0
7230	0
7231	0
7232	2
7233	0
7234	1
7235	0
7236	2
7237	0
7238	0
7239	0
7240	0
7241	0
7242	0
7243	0
7244	0
7245	1
7246	0
7247	1
7248	2
7249	1
7250	0
7251	2
7252	0
7253	0
7254	0
7255	1
7256	0
7257	0
7258	0
7259	0
7260	0
7261	0
7262	1
7263	1
7264	1
7265	0
7266	0
7267	0
7268	1
7269	0
7270	0
7271	0
7272	0
7273	1
7274	1
7275	0
7276	0
7277	1
7278	0
7279	1
7280	1
7281	1
7282	0
7283	0
7284	1
7285	1
7286	0
7287	4
7288	0
7289	0
7290	1
7291	0
7292	0
7293	0
7294	1
7295	0
7296	2
7297	0
7298	0
7299	0
7300	1
7301	0
7302	1
7303	1
7304	0
7305	1
7306	1
7307	1
7308	1
7309	1
7310	0
7311	0
7312	1
7313	0
7314	1
7315	1
7316	1
7317	2
7318	0
7319	0
7320	2
7321	0
7322	1
7323	1
7324	0
7325	0
7326	2
7327	0
7328	0
7329	0
7330	1
7331	0
7332	2
7333	0
7334	0
7335	0
7336	0
7337	0
7338	1
7339	3
7340	0
7341	2
7342	0
7343	2
7344	0
7345	0
7346	0
7347	1
7348	0
7349	1
7350	0
7351	1
7352	1
7353	0
7354	0
7355	0
7356	1
7357	0
7358	1
7359	1
7360	1
7361	1
7362	1
7363	0
7364	0
7365	1
7366	0
7367	1
7368	0
7369	2
7370	2
7371	1
7372	0
7373	1
7374	0
7375	0
7376	0
7377	1
7378	0
7379	0
7380	1
7381	0
7382	0
7383	0
7384	2
7385	1
7386	1
7387	0
7388	2
7389	0
7390	1
7391	0
7392	1
7393	1
7394	0
7395	0
7396	1
7397	0
7398	0
7399	1
7400	0
7401	1
7402	1
7403	1
7404	2
7405	0
7406	1
7407	1
7408	1
7409	1
7410	0
7411	0
7412	2
7413	0
7414	0
7415	0
7416	1
7417	0
7418	0
7419	2
7420	1
7421	0
7422	0
7423	0
7424	0
7425	1
7426	0
7427	1
7428	0
7429	1
7430	0
7431	1
7432	1
7433	1
7434	0
7435	0
7436	1
7437	2
7438	3
7439	0
7440	0
7441	2
7442	0
7443	0
7444	1
7445	1
7446	2
7447	0
7448	3
7449	2
7450	0
7451	1
7452	1
7453	2
7454	0
7455	1
7456	1
7457	1
7458	0
7459	0
7460	0
7461	0
7462	1
7463	0
7464	0
7465	0
7466	0
7467	0
7468	1
7469	2
7470	0
7471	0
7472	2
7473	1
7474	1
7475	0
7476	0
7477	2
7478	1
7479	0
7480	0
7481	2
7482	0
7483	0
7484	2
7485	0
7486	0
7487	0
7488	0
7489	0
7490	2
7491	0
7492	1
7493	1
7494	1
7495	2
7496	1
7497	0
7498	0
7499	1
7500	1
7501	0
7502	1
7503	0
7504	1
7505	0
7506	0
7507	2
7508	1
7509	0
7510	0
7511	0
7512	1
7513	0
7514	1
7515	1
7516	1
7517	2
7518	1
7519	0
7520	1
7521	1
7522	0
7523	0
7524	2
7525	1
7526	1
7527	2
7528	0
7529	1
7530	0
7531	1
7532	1
7533	1
7534	0
7535	0
7536	1
7537	0
7538	2
7539	1
7540	0
7541	2
7542	2
7543	0
7544	0
7545	2
7546	1
7547	0
7548	1
7549	0
7550	1
7551	1
7552	1
7553	1
7554	2
7555	1
7556	1
7557	0
7558	0
7559	1
7560	2
7561	1
7562	0
7563	0
7564	0
7565	0
7566	1
7567	1
7568	3
7569	0
7570	1
7571	0
7572	0
7573	2
7574	0
7575	2
7576	2
7577	0
7578	3
7579	1
7580	0
7581	0
7582	1
7583	2
7584	2
7585	2
7586	2
7587	2
7588	1
7589	1
7590	0
7591	0
7592	2
7593	0
7594	0
7595	1
7596	1
7597	2
7598	1
7599	0
7600	0
7601	1
7602	1
7603	2
7604	0
7605	0
7606	1
7607	0
7608	1
7609	2
7610	1
7611	0
7612	1
7613	0
7614	1
7615	2
7616	1
7617	2
7618	2
7619	0
7620	0
7621	3
7622	0
7623	1
7624	0
7625	2
7626	1
7627	1
7628	0
7629	2
7630	3
7631	1
7632	0
7633	1
7634	1
7635	0
7636	1
7637	0
7638	0
7639	0
7640	1
7641	1
7642	1
7643	0
7644	1
7645	0
7646	0
7647	2
7648	0
7649	0
7650	1
7651	1
7652	1
7653	0
7654	1
7655	2
7656	0
7657	3
7658	2
7659	2
7660	0
7661	1
7662	1
7663	3
7664	1
7665	0
7666	0
7667	2
7668	1
7669	1
7670	1
7671	2
7672	0
7673	1
7674	0
7675	2
7676	0
7677	1
7678	3
7679	2
7680	0
7681	0
7682	0
7683	1
7684	0
7685	2
7686	0
7687	0
7688	0
7689	0
7690	1
7691	0
7692	1
7693	3
7694	1
7695	0
7696	1
7697	2
7698	2
7699	2
7700	3
7701	3
7702	2
7703	1
7704	0
7705	4
7706	1
7707	1
7708	2
7709	5
7710	0
7711	3
7712	0
7713	4
7714	2
7715	1
7716	2
7717	2
7718	2
7719	0
7720	1
7721	3
7722	2
7723	1
7724	0
7725	2
7726	1
7727	2
7728	0
7729	1
7730	2
7731	0
7732	3
7733	1
7734	2
7735	0
7736	0
7737	5
7738	2
7739	2
7740	1
7741	2
7742	1
7743	0
7744	1
7745	3
7746	0
7747	3
7748	0
7749	0
7750	2
7751	0
7752	0
7753	0
7754	1
7755	1
7756	0
7757	2
7758	2
7759	1
7760	0
7761	2
7762	0
7763	1
7764	2
7765	1
7766	0
7767	1
7768	1
7769	1
7770	0
7771	1
7772	2
7773	1
7774	1
7775	3
7776	1
7777	0
7778	0
7779	2
7780	4
7781	0
7782	1
7783	2
7784	0
7785	2
7786	1
7787	1
7788	3
7789	0
7790	0
7791	1
7792	2
7793	2
7794	0
7795	1
7796	0
7797	1
7798	2
7799	1
7800	1
7801	1
7802	1
7803	1
7804	1
7805	1
7806	2
7807	1
7808	3
7809	0
7810	0
7811	0
7812	2
7813	1
7814	3
7815	0
7816	1
7817	2
7818	2
7819	2
7820	1
7821	0
7822	2
7823	1
7824	0
7825	1
7826	1
7827	1
7828	2
7829	0
7830	1
7831	1
7832	1
7833	1
7834	2
7835	1
7836	0
7837	2
7838	3
7839	0
7840	0
7841	4
7842	1
7843	1
7844	0
7845	1
7846	1
7847	0
7848	1
7849	0
7850	2
7851	0
7852	2
7853	0
7854	1
7855	0
7856	0
7857	1
7858	1
7859	0
7860	0
7861	0
7862	1
7863	1
7864	0
7865	1
7866	2
7867	0
7868	0
7869	2
7870	1
7871	2
7872	2
7873	1
7874	2
7875	1
7876	2
7877	0
7878	0
7879	0
7880	1
7881	2
7882	0
7883	1
7884	0
7885	0
7886	0
7887	0
7888	0
7889	1
7890	4
7891	0
7892	0
7893	1
7894	1
7895	2
7896	0
7897	1
7898	2
7899	0
7900	1
7901	0
7902	1
7903	0
7904	1
7905	1
7906	0
7907	3
7908	1
7909	0
7910	1
7911	0
7912	1
7913	1
7914	2
7915	1
7916	1
7917	0
7918	0
7919	1
7920	1
7921	0
7922	0
7923	2
7924	0
7925	1
7926	2
7927	0
7928	0
7929	2
7930	0
7931	0
7932	2
7933	0
7934	0
7935	0
7936	1
7937	0
7938	0
7939	2
7940	0
7941	3
7942	0
7943	0
7944	2
7945	1
7946	0
7947	0
7948	1
7949	0
7950	0
7951	1
7952	0
7953	2
7954	1
7955	0
7956	1
7957	0
7958	0
7959	2
7960	1
7961	0
7962	0
7963	0
7964	0
7965	1
7966	1
7967	1
7968	3
7969	0
7970	1
7971	2
7972	0
7973	0
7974	0
7975	1
7976	2
7977	0
7978	0
7979	0
7980	0
7981	1
7982	0
7983	1
7984	1
7985	0
7986	2
7987	1
7988	2
7989	0
7990	1
7991	0
7992	0
7993	0
7994	1
7995	0
7996	0
7997	3
7998	0
7999	0
8000	0
8001	2
8002	0
8003	1
8004	1
8005	1
8006	1
8007	0
8008	0
8009	0
8010	0
8011	0
8012	0
8013	0
8014	1
8015	0
8016	0
8017	0
8018	0
8019	0
8020	0
8021	1
8022	0
8023	0
8024	1
8025	0
8026	0
8027	0
8028	0
8029	0
8030	0
8031	0
8032	1
8033	1
8034	0
8035	0
8036	1
8037	1
8038	1
8039	0
8040	2
8041	4
8042	0
8043	0
8044	0
8045	0
8046	0
8047	1
8048	0
8049	0
8050	1
8051	0
8052	1
8053	0
8054	0
8055	1
8056	1
8057	0
8058	0
8059	0
8060	1
8061	0
8062	0
8063	0
8064	0
8065	0
8066	0
8067	0
8068	0
8069	0
8070	1
8071	0
8072	0
8073	0
8074	0
8075	2
8076	0
8077	0
8078	0
8079	0
8080	0
8081	1
8082	0
8083	0
8084	0
8085	0
8086	0
8087	0
8088	1
8089	1
8090	0
8091	0
8092	0
8093	0
8094	1
8095	0
8096	0
8097	0
8098	0
8099	0
8100	0
8101	0
8102	0
8103	0
8104	0
8105	0
8106	0
8107	0
8108	0
8109	0
8110	0
8111	0
8112	0
8113	0
8114	0
8115	0
8116	0
8117	0
8118	0
8119	0
8120	0
8121	0
8122	0
8123	0
8124	0
8125	0
8126	0
8127	0
8128	0
8129	0
8130	0
8131	0
8132	0
8133	0
8134	0
8135	0
8136	0
8137	0
8138	0
8139	0
8140	0
8141	0
8142	0
8143	0
8144	0
8145	0
8146	0
8147	0
8148	0
8149	0
8150	0
8151	0
8152	0
8153	0
8154	0
8155	0
8156	0
8157	0
8158	0
8159	0
8160	0
8161	0
8162	0
8163	0
8164	0
8165	0
8166	0
8167	0
8168	0
8169	0
8170	0
8171	0
8172	0
8173	0
8174	0
8175	0
8176	0
8177	0
8178	0
8179	0
8180	0
8181	0
8182	0
8183	0
8184	0
8185	0
8186	0
8187	0
8188	0
8189	0
8190	0
8191	0
