0	0
1	0
2	0
3	0
4	0
5	0
6	0
7	0
8	0
9	0
10	0
11	0
12	0
13	0
14	0
15	0
16	0
17	0
18	0
19	0
20	0
21	0
22	0
23	0
24	0
25	0
26	0
27	0
28	0
29	0
30	0
31	0
32	0
33	0
34	0
35	0
36	0
37	0
38	0
39	0
40	0
41	0
42	0
43	0
44	0
45	0
46	0
47	0
48	0
49	0
50	0
51	0
52	0
53	0
54	0
55	0
56	0
57	0
58	0
59	0
60	0
61	0
62	0
63	0
64	0
65	0
66	0
67	0
68	0
69	0
70	0
71	0
72	0
73	0
74	0
75	0
76	0
77	0
78	0
79	0
80	0
81	0
82	0
83	0
84	0
85	0
86	0
87	0
88	0
89	0
90	0
91	0
92	0
93	0
94	0
95	0
96	0
97	0
98	0
99	0
100	0
101	0
102	0
103	0
104	0
105	0
106	0
107	0
108	0
109	0
110	0
111	0
112	0
113	0
114	0
115	0
116	0
117	0
118	0
119	0
120	0
121	0
122	0
123	1
124	0
125	0
126	0
127	4
128	13
129	17
130	22
131	19
132	43
133	66
134	110
135	134
136	136
137	136
138	147
139	168
140	146
141	143
142	171
143	153
144	154
145	164
146	149
147	144
148	157
149	145
150	140
151	144
152	142
153	147
154	141
155	139
156	156
157	128
158	124
159	151
160	135
161	134
162	164
163	131
164	155
165	140
166	156
167	149
168	126
169	144
170	144
171	128
172	142
173	142
174	145
175	124
176	157
177	137
178	129
179	132
180	144
181	125
182	123
183	148
184	127
185	137
186	139
187	167
188	121
189	126
190	127
191	123
192	121
193	144
194	133
195	129
196	149
197	130
198	129
199	121
200	127
201	131
202	137
203	126
204	126
205	151
206	118
207	128
208	134
209	115
210	133
211	126
212	158
213	114
214	135
215	129
216	133
217	125
218	125
219	110
220	118
221	102
222	125
223	134
224	124
225	155
226	133
227	134
228	128
229	125
230	128
231	119
232	120
233	149
234	158
235	131
236	117
237	134
238	140
239	119
240	135
241	120
242	117
243	109
244	141
245	113
246	122
247	123
248	128
249	113
250	108
251	129
252	127
253	123
254	129
255	114
256	137
257	115
258	116
259	132
260	151
261	94
262	113
263	119
264	115
265	98
266	129
267	115
268	119
269	117
270	133
271	114
272	118
273	125
274	117
275	117
276	128
277	110
278	132
279	126
280	118
281	100
282	136
283	115
284	113
285	118
286	137
287	126
288	125
289	117
290	111
291	111
292	113
293	118
294	113
295	121
296	116
297	140
298	121
299	126
300	113
301	131
302	108
303	107
304	144
305	113
306	120
307	120
308	137
309	118
310	133
311	112
312	135
313	104
314	96
315	118
316	137
317	128
318	134
319	127
320	120
321	114
322	93
323	117
324	131
325	123
326	132
327	163
328	118
329	135
330	149
331	127
332	113
333	131
334	111
335	126
336	127
337	134
338	138
339	110
340	125
341	133
342	121
343	99
344	117
345	142
346	139
347	130
348	126
349	155
350	109
351	138
352	128
353	110
354	138
355	120
356	131
357	117
358	134
359	108
360	128
361	123
362	144
363	136
364	117
365	114
366	129
367	114
368	136
369	130
370	117
371	132
372	132
373	124
374	124
375	124
376	138
377	128
378	109
379	159
380	108
381	130
382	134
383	138
384	140
385	134
386	127
387	117
388	138
389	128
390	126
391	139
392	140
393	129
394	135
395	134
396	136
397	138
398	142
399	137
400	111
401	120
402	124
403	128
404	152
405	115
406	128
407	129
408	136
409	138
410	122
411	148
412	127
413	149
414	127
415	125
416	136
417	136
418	130
419	126
420	133
421	135
422	109
423	138
424	120
425	132
426	140
427	146
428	136
429	134
430	153
431	121
432	146
433	140
434	129
435	132
436	134
437	140
438	133
439	128
440	149
441	147
442	133
443	129
444	112
445	145
446	129
447	143
448	117
449	156
450	136
451	122
452	141
453	134
454	103
455	157
456	123
457	102
458	124
459	131
460	135
461	136
462	122
463	140
464	98
465	122
466	132
467	134
468	142
469	117
470	137
471	113
472	147
473	137
474	145
475	117
476	139
477	145
478	119
479	157
480	128
481	125
482	115
483	128
484	140
485	116
486	114
487	113
488	126
489	128
490	134
491	141
492	138
493	139
494	127
495	124
496	146
497	124
498	117
499	115
500	138
501	130
502	107
503	124
504	129
505	126
506	115
507	104
508	138
509	133
510	115
511	141
512	133
513	130
514	128
515	121
516	134
517	150
518	108
519	134
520	128
521	164
522	134
523	106
524	121
525	134
526	123
527	109
528	132
529	138
530	123
531	124
532	124
533	132
534	130
535	115
536	109
537	123
538	133
539	120
540	128
541	135
542	120
543	112
544	125
545	114
546	120
547	122
548	118
549	120
550	136
551	127
552	116
553	133
554	124
555	129
556	126
557	137
558	136
559	134
560	122
561	127
562	126
563	135
564	136
565	123
566	122
567	103
568	137
569	127
570	112
571	145
572	117
573	126
574	111
575	115
576	111
577	120
578	116
579	101
580	107
581	121
582	129
583	106
584	111
585	119
586	115
587	122
588	133
589	124
590	136
591	133
592	111
593	133
594	118
595	124
596	129
597	127
598	123
599	104
600	130
601	112
602	124
603	123
604	94
605	92
606	132
607	102
608	129
609	124
610	111
611	100
612	129
613	96
614	151
615	122
616	112
617	126
618	139
619	113
620	125
621	94
622	116
623	125
624	128
625	130
626	130
627	134
628	126
629	102
630	131
631	134
632	112
633	112
634	112
635	108
636	114
637	98
638	111
639	124
640	111
641	123
642	101
643	97
644	116
645	122
646	119
647	114
648	129
649	106
650	102
651	111
652	126
653	108
654	146
655	110
656	113
657	126
658	131
659	117
660	104
661	105
662	122
663	116
664	106
665	132
666	125
667	101
668	112
669	124
670	112
671	108
672	117
673	118
674	126
675	112
676	129
677	120
678	110
679	136
680	151
681	112
682	130
683	124
684	117
685	126
686	118
687	100
688	89
689	123
690	124
691	112
692	102
693	91
694	119
695	125
696	127
697	111
698	121
699	124
700	123
701	124
702	140
703	126
704	141
705	124
706	129
707	122
708	123
709	118
710	126
711	113
712	131
713	142
714	115
715	108
716	137
717	112
718	111
719	130
720	116
721	122
722	117
723	122
724	121
725	115
726	121
727	138
728	107
729	102
730	131
731	106
732	111
733	125
734	119
735	116
736	119
737	108
738	105
739	114
740	122
741	97
742	123
743	111
744	112
745	117
746	126
747	121
748	101
749	118
750	127
751	127
752	122
753	125
754	110
755	107
756	110
757	119
758	112
759	110
760	125
761	104
762	126
763	119
764	100
765	115
766	101
767	127
768	125
769	95
770	94
771	113
772	124
773	111
774	130
775	133
776	95
777	121
778	114
779	100
780	126
781	122
782	110
783	122
784	114
785	110
786	120
787	121
788	102
789	111
790	124
791	109
792	112
793	107
794	112
795	111
796	96
797	121
798	96
799	106
800	128
801	123
802	110
803	114
804	103
805	127
806	111
807	104
808	123
809	119
810	107
811	100
812	100
813	119
814	119
815	100
816	131
817	131
818	125
819	106
820	109
821	114
822	114
823	104
824	105
825	112
826	105
827	107
828	120
829	108
830	108
831	121
832	139
833	103
834	125
835	113
836	113
837	110
838	105
839	119
840	108
841	127
842	125
843	106
844	97
845	102
846	100
847	110
848	105
849	121
850	124
851	107
852	120
853	104
854	125
855	106
856	113
857	110
858	87
859	117
860	115
861	114
862	87
863	124
864	121
865	110
866	108
867	97
868	111
869	111
870	113
871	104
872	113
873	120
874	96
875	94
876	99
877	102
878	89
879	116
880	112
881	106
882	111
883	103
884	113
885	112
886	116
887	91
888	92
889	113
890	124
891	97
892	104
893	127
894	96
895	95
896	115
897	102
898	108
899	122
900	96
901	109
902	110
903	111
904	112
905	109
906	97
907	96
908	116
909	88
910	78
911	93
912	108
913	95
914	97
915	84
916	91
917	101
918	106
919	107
920	83
921	111
922	101
923	91
924	101
925	99
926	81
927	107
928	118
929	92
930	93
931	91
932	97
933	112
934	87
935	99
936	91
937	101
938	108
939	101
940	82
941	92
942	97
943	81
944	106
945	100
946	95
947	94
948	101
949	99
950	105
951	128
952	89
953	102
954	124
955	105
956	111
957	88
958	96
959	97
960	97
961	90
962	82
963	96
964	98
965	94
966	107
967	105
968	93
969	101
970	76
971	89
972	98
973	102
974	93
975	96
976	91
977	84
978	91
979	74
980	99
981	121
982	96
983	88
984	92
985	94
986	97
987	88
988	93
989	68
990	106
991	104
992	102
993	79
994	88
995	97
996	99
997	85
998	94
999	104
1000	111
1001	79
1002	89
1003	85
1004	103
1005	86
1006	91
1007	105
1008	76
1009	96
1010	109
1011	82
1012	90
1013	99
1014	82
1015	84
1016	100
1017	90
1018	92
1019	95
1020	103
1021	96
1022	87
1023	90
1024	82
1025	77
1026	84
1027	84
1028	100
1029	86
1030	97
1031	109
1032	84
1033	85
1034	82
1035	75
1036	90
1037	83
1038	94
1039	87
1040	94
1041	85
1042	93
1043	101
1044	106
1045	73
1046	99
1047	86
1048	87
1049	77
1050	97
1051	87
1052	98
1053	97
1054	85
1055	93
1056	82
1057	90
1058	94
1059	80
1060	77
1061	85
1062	95
1063	86
1064	74
1065	87
1066	76
1067	88
1068	100
1069	88
1070	90
1071	94
1072	91
1073	89
1074	85
1075	85
1076	77
1077	94
1078	74
1079	88
1080	110
1081	81
1082	96
1083	100
1084	77
1085	92
1086	78
1087	89
1088	82
1089	84
1090	95
1091	104
1092	70
1093	87
1094	104
1095	95
1096	89
1097	65
1098	88
1099	81
1100	90
1101	100
1102	107
1103	117
1104	89
1105	77
1106	88
1107	81
1108	74
1109	104
1110	92
1111	69
1112	71
1113	84
1114	80
1115	87
1116	73
1117	85
1118	95
1119	86
1120	92
1121	73
1122	79
1123	83
1124	80
1125	93
1126	82
1127	100
1128	81
1129	94
1130	92
1131	101
1132	89
1133	85
1134	103
1135	77
1136	91
1137	80
1138	79
1139	97
1140	97
1141	97
1142	81
1143	91
1144	82
1145	97
1146	78
1147	72
1148	68
1149	79
1150	85
1151	82
1152	90
1153	107
1154	106
1155	84
1156	86
1157	92
1158	88
1159	92
1160	72
1161	93
1162	85
1163	92
1164	83
1165	71
1166	75
1167	103
1168	92
1169	73
1170	92
1171	98
1172	94
1173	79
1174	98
1175	82
1176	83
1177	96
1178	81
1179	89
1180	86
1181	92
1182	89
1183	76
1184	71
1185	84
1186	76
1187	92
1188	84
1189	89
1190	94
1191	87
1192	80
1193	100
1194	97
1195	81
1196	89
1197	96
1198	97
1199	99
1200	83
1201	94
1202	85
1203	84
1204	89
1205	93
1206	78
1207	95
1208	97
1209	92
1210	92
1211	82
1212	95
1213	89
1214	108
1215	82
1216	87
1217	102
1218	98
1219	101
1220	79
1221	72
1222	90
1223	101
1224	88
1225	97
1226	79
1227	101
1228	101
1229	79
1230	93
1231	90
1232	93
1233	95
1234	83
1235	103
1236	90
1237	96
1238	86
1239	100
1240	97
1241	90
1242	94
1243	89
1244	95
1245	82
1246	83
1247	112
1248	74
1249	76
1250	86
1251	91
1252	86
1253	101
1254	93
1255	82
1256	94
1257	103
1258	80
1259	70
1260	83
1261	83
1262	95
1263	94
1264	89
1265	96
1266	99
1267	77
1268	93
1269	91
1270	94
1271	73
1272	79
1273	102
1274	85
1275	96
1276	94
1277	94
1278	97
1279	86
1280	97
1281	98
1282	71
1283	86
1284	80
1285	70
1286	79
1287	102
1288	78
1289	82
1290	85
1291	89
1292	78
1293	71
1294	73
1295	92
1296	83
1297	73
1298	83
1299	78
1300	82
1301	96
1302	70
1303	84
1304	100
1305	79
1306	89
1307	69
1308	89
1309	82
1310	74
1311	89
1312	82
1313	71
1314	74
1315	90
1316	107
1317	89
1318	80
1319	87
1320	98
1321	83
1322	85
1323	97
1324	95
1325	96
1326	89
1327	80
1328	92
1329	80
1330	72
1331	84
1332	89
1333	69
1334	89
1335	88
1336	84
1337	85
1338	71
1339	84
1340	90
1341	78
1342	77
1343	83
1344	78
1345	78
1346	76
1347	89
1348	90
1349	81
1350	80
1351	75
1352	73
1353	77
1354	85
1355	83
1356	72
1357	96
1358	77
1359	81
1360	77
1361	72
1362	71
1363	73
1364	100
1365	83
1366	76
1367	85
1368	81
1369	64
1370	78
1371	86
1372	80
1373	77
1374	71
1375	81
1376	76
1377	79
1378	102
1379	66
1380	74
1381	78
1382	67
1383	67
1384	74
1385	67
1386	91
1387	67
1388	78
1389	66
1390	73
1391	70
1392	78
1393	78
1394	84
1395	69
1396	65
1397	74
1398	94
1399	58
1400	85
1401	79
1402	81
1403	74
1404	87
1405	78
1406	83
1407	87
1408	85
1409	65
1410	83
1411	80
1412	68
1413	75
1414	82
1415	70
1416	78
1417	80
1418	80
1419	81
1420	72
1421	65
1422	86
1423	85
1424	78
1425	71
1426	61
1427	82
1428	77
1429	70
1430	91
1431	71
1432	55
1433	74
1434	71
1435	74
1436	61
1437	78
1438	96
1439	70
1440	72
1441	71
1442	70
1443	79
1444	84
1445	71
1446	62
1447	73
1448	71
1449	69
1450	78
1451	74
1452	66
1453	65
1454	65
1455	76
1456	74
1457	66
1458	81
1459	73
1460	69
1461	74
1462	79
1463	61
1464	73
1465	60
1466	80
1467	84
1468	65
1469	78
1470	65
1471	70
1472	60
1473	65
1474	67
1475	64
1476	61
1477	75
1478	87
1479	65
1480	63
1481	73
1482	71
1483	69
1484	91
1485	75
1486	76
1487	71
1488	68
1489	87
1490	75
1491	63
1492	65
1493	73
1494	85
1495	59
1496	87
1497	67
1498	73
1499	59
1500	66
1501	64
1502	73
1503	74
1504	70
1505	70
1506	69
1507	81
1508	58
1509	67
1510	67
1511	78
1512	60
1513	69
1514	71
1515	62
1516	80
1517	68
1518	72
1519	80
1520	49
1521	78
1522	67
1523	66
1524	64
1525	79
1526	70
1527	63
1528	80
1529	71
1530	52
1531	72
1532	62
1533	58
1534	78
1535	78
1536	66
1537	57
1538	73
1539	66
1540	60
1541	61
1542	70
1543	61
1544	71
1545	58
1546	65
1547	63
1548	73
1549	62
1550	57
1551	72
1552	76
1553	50
1554	55
1555	59
1556	62
1557	59
1558	75
1559	75
1560	60
1561	66
1562	60
1563	60
1564	72
1565	72
1566	61
1567	70
1568	59
1569	61
1570	67
1571	78
1572	62
1573	73
1574	52
1575	54
1576	69
1577	64
1578	84
1579	75
1580	62
1581	67
1582	73
1583	83
1584	59
1585	63
1586	57
1587	75
1588	67
1589	71
1590	77
1591	73
1592	68
1593	70
1594	61
1595	64
1596	44
1597	74
1598	82
1599	81
1600	61
1601	75
1602	63
1603	60
1604	73
1605	54
1606	71
1607	63
1608	62
1609	53
1610	52
1611	78
1612	77
1613	75
1614	63
1615	73
1616	61
1617	63
1618	51
1619	55
1620	57
1621	67
1622	70
1623	76
1624	57
1625	73
1626	52
1627	55
1628	69
1629	56
1630	71
1631	59
1632	61
1633	71
1634	62
1635	70
1636	55
1637	65
1638	59
1639	63
1640	63
1641	66
1642	66
1643	66
1644	68
1645	66
1646	70
1647	59
1648	48
1649	63
1650	73
1651	66
1652	58
1653	69
1654	77
1655	64
1656	58
1657	56
1658	50
1659	42
1660	48
1661	58
1662	57
1663	61
1664	72
1665	64
1666	73
1667	61
1668	53
1669	56
1670	51
1671	55
1672	71
1673	57
1674	73
1675	62
1676	51
1677	68
1678	63
1679	66
1680	58
1681	67
1682	60
1683	59
1684	58
1685	54
1686	51
1687	58
1688	60
1689	48
1690	72
1691	61
1692	61
1693	61
1694	55
1695	75
1696	43
1697	60
1698	58
1699	56
1700	66
1701	52
1702	62
1703	44
1704	64
1705	66
1706	59
1707	55
1708	57
1709	50
1710	61
1711	58
1712	50
1713	55
1714	58
1715	64
1716	71
1717	50
1718	57
1719	53
1720	48
1721	49
1722	64
1723	49
1724	42
1725	56
1726	50
1727	54
1728	47
1729	67
1730	48
1731	49
1732	56
1733	58
1734	56
1735	51
1736	62
1737	48
1738	56
1739	55
1740	44
1741	55
1742	45
1743	47
1744	50
1745	47
1746	62
1747	49
1748	39
1749	52
1750	47
1751	48
1752	48
1753	41
1754	65
1755	62
1756	48
1757	47
1758	54
1759	54
1760	71
1761	60
1762	45
1763	52
1764	62
1765	46
1766	58
1767	55
1768	55
1769	51
1770	46
1771	52
1772	51
1773	55
1774	64
1775	49
1776	61
1777	53
1778	62
1779	49
1780	63
1781	47
1782	59
1783	54
1784	51
1785	59
1786	56
1787	41
1788	49
1789	44
1790	56
1791	52
1792	61
1793	54
1794	43
1795	43
1796	53
1797	51
1798	52
1799	54
1800	42
1801	45
1802	49
1803	43
1804	60
1805	52
1806	49
1807	49
1808	56
1809	54
1810	61
1811	50
1812	50
1813	50
1814	44
1815	56
1816	51
1817	54
1818	48
1819	41
1820	47
1821	56
1822	53
1823	38
1824	47
1825	32
1826	60
1827	50
1828	51
1829	42
1830	49
1831	41
1832	55
1833	72
1834	51
1835	49
1836	58
1837	43
1838	37
1839	46
1840	64
1841	42
1842	61
1843	44
1844	52
1845	60
1846	51
1847	56
1848	50
1849	41
1850	48
1851	44
1852	31
1853	51
1854	51
1855	52
1856	54
1857	62
1858	53
1859	43
1860	60
1861	45
1862	53
1863	40
1864	56
1865	65
1866	58
1867	55
1868	38
1869	45
1870	48
1871	57
1872	54
1873	57
1874	44
1875	53
1876	50
1877	53
1878	42
1879	36
1880	49
1881	54
1882	50
1883	53
1884	47
1885	47
1886	49
1887	51
1888	51
1889	58
1890	57
1891	46
1892	35
1893	42
1894	49
1895	46
1896	41
1897	49
1898	52
1899	54
1900	48
1901	40
1902	39
1903	49
1904	44
1905	51
1906	50
1907	48
1908	52
1909	57
1910	47
1911	49
1912	45
1913	58
1914	48
1915	60
1916	44
1917	38
1918	42
1919	43
1920	51
1921	44
1922	53
1923	61
1924	54
1925	40
1926	39
1927	43
1928	41
1929	33
1930	44
1931	63
1932	49
1933	51
1934	53
1935	34
1936	51
1937	51
1938	31
1939	43
1940	41
1941	42
1942	32
1943	40
1944	42
1945	47
1946	47
1947	47
1948	44
1949	44
1950	45
1951	41
1952	36
1953	48
1954	53
1955	52
1956	51
1957	43
1958	46
1959	37
1960	36
1961	39
1962	43
1963	49
1964	48
1965	44
1966	44
1967	41
1968	45
1969	51
1970	47
1971	47
1972	50
1973	41
1974	46
1975	47
1976	46
1977	47
1978	44
1979	55
1980	38
1981	51
1982	52
1983	47
1984	47
1985	46
1986	46
1987	47
1988	32
1989	43
1990	56
1991	46
1992	45
1993	38
1994	48
1995	54
1996	41
1997	41
1998	57
1999	40
2000	49
2001	46
2002	36
2003	34
2004	52
2005	39
2006	48
2007	55
2008	46
2009	41
2010	33
2011	34
2012	49
2013	47
2014	37
2015	36
2016	52
2017	42
2018	42
2019	44
2020	43
2021	34
2022	39
2023	36
2024	47
2025	37
2026	41
2027	44
2028	42
2029	49
2030	32
2031	43
2032	51
2033	29
2034	32
2035	44
2036	37
2037	40
2038	37
2039	42
2040	33
2041	38
2042	33
2043	45
2044	37
2045	44
2046	33
2047	32
2048	41
2049	28
2050	50
2051	37
2052	40
2053	36
2054	52
2055	52
2056	51
2057	36
2058	35
2059	40
2060	43
2061	46
2062	51
2063	42
2064	41
2065	39
2066	42
2067	42
2068	40
2069	44
2070	40
2071	36
2072	27
2073	36
2074	27
2075	28
2076	43
2077	36
2078	31
2079	36
2080	45
2081	37
2082	40
2083	39
2084	28
2085	39
2086	50
2087	33
2088	28
2089	37
2090	36
2091	30
2092	49
2093	38
2094	50
2095	38
2096	39
2097	32
2098	34
2099	40
2100	39
2101	42
2102	41
2103	33
2104	35
2105	38
2106	35
2107	48
2108	48
2109	34
2110	47
2111	36
2112	38
2113	38
2114	42
2115	34
2116	44
2117	36
2118	37
2119	30
2120	28
2121	41
2122	41
2123	41
2124	35
2125	29
2126	46
2127	40
2128	37
2129	30
2130	36
2131	38
2132	39
2133	45
2134	50
2135	36
2136	42
2137	47
2138	27
2139	40
2140	32
2141	40
2142	44
2143	27
2144	33
2145	43
2146	35
2147	36
2148	46
2149	45
2150	37
2151	41
2152	39
2153	47
2154	32
2155	45
2156	28
2157	40
2158	40
2159	49
2160	38
2161	34
2162	36
2163	42
2164	33
2165	41
2166	38
2167	31
2168	36
2169	35
2170	43
2171	37
2172	32
2173	36
2174	33
2175	36
2176	32
2177	44
2178	36
2179	45
2180	45
2181	25
2182	25
2183	33
2184	35
2185	37
2186	34
2187	23
2188	44
2189	36
2190	40
2191	27
2192	21
2193	37
2194	36
2195	29
2196	34
2197	34
2198	50
2199	25
2200	34
2201	23
2202	44
2203	39
2204	39
2205	30
2206	46
2207	29
2208	40
2209	37
2210	36
2211	28
2212	47
2213	39
2214	30
2215	38
2216	28
2217	38
2218	32
2219	37
2220	40
2221	33
2222	33
2223	29
2224	31
2225	25
2226	35
2227	35
2228	28
2229	22
2230	29
2231	42
2232	44
2233	32
2234	36
2235	38
2236	39
2237	34
2238	37
2239	29
2240	36
2241	31
2242	35
2243	35
2244	26
2245	35
2246	38
2247	39
2248	29
2249	29
2250	40
2251	42
2252	38
2253	32
2254	25
2255	40
2256	33
2257	38
2258	38
2259	35
2260	28
2261	22
2262	31
2263	36
2264	30
2265	43
2266	36
2267	33
2268	37
2269	23
2270	39
2271	25
2272	27
2273	37
2274	33
2275	29
2276	35
2277	26
2278	38
2279	29
2280	31
2281	42
2282	40
2283	28
2284	44
2285	27
2286	35
2287	31
2288	42
2289	29
2290	33
2291	46
2292	34
2293	38
2294	31
2295	28
2296	34
2297	38
2298	30
2299	38
2300	34
2301	37
2302	37
2303	38
2304	31
2305	21
2306	33
2307	41
2308	27
2309	33
2310	31
2311	30
2312	34
2313	29
2314	39
2315	29
2316	29
2317	31
2318	34
2319	33
2320	25
2321	28
2322	34
2323	30
2324	30
2325	31
2326	49
2327	46
2328	33
2329	23
2330	27
2331	42
2332	44
2333	36
2334	28
2335	29
2336	31
2337	28
2338	32
2339	26
2340	29
2341	34
2342	39
2343	33
2344	36
2345	34
2346	26
2347	31
2348	28
2349	26
2350	33
2351	28
2352	36
2353	50
2354	33
2355	34
2356	40
2357	31
2358	34
2359	27
2360	32
2361	29
2362	33
2363	26
2364	36
2365	43
2366	38
2367	43
2368	36
2369	43
2370	27
2371	32
2372	25
2373	32
2374	32
2375	25
2376	25
2377	26
2378	29
2379	38
2380	28
2381	29
2382	28
2383	40
2384	31
2385	33
2386	39
2387	51
2388	34
2389	34
2390	30
2391	33
2392	30
2393	21
2394	30
2395	30
2396	30
2397	27
2398	21
2399	23
2400	26
2401	33
2402	39
2403	33
2404	31
2405	38
2406	38
2407	41
2408	25
2409	34
2410	21
2411	32
2412	44
2413	38
2414	32
2415	33
2416	42
2417	28
2418	34
2419	23
2420	21
2421	32
2422	34
2423	35
2424	33
2425	36
2426	32
2427	29
2428	34
2429	40
2430	23
2431	30
2432	27
2433	25
2434	40
2435	22
2436	31
2437	33
2438	35
2439	23
2440	23
2441	34
2442	44
2443	33
2444	28
2445	31
2446	32
2447	31
2448	39
2449	35
2450	33
2451	29
2452	34
2453	23
2454	38
2455	23
2456	25
2457	36
2458	42
2459	25
2460	22
2461	34
2462	38
2463	29
2464	18
2465	27
2466	30
2467	26
2468	28
2469	33
2470	28
2471	26
2472	26
2473	33
2474	31
2475	26
2476	37
2477	36
2478	27
2479	30
2480	44
2481	23
2482	36
2483	40
2484	29
2485	35
2486	26
2487	36
2488	37
2489	29
2490	43
2491	30
2492	33
2493	27
2494	27
2495	21
2496	19
2497	37
2498	23
2499	22
2500	28
2501	30
2502	35
2503	31
2504	38
2505	27
2506	30
2507	28
2508	26
2509	44
2510	38
2511	33
2512	25
2513	36
2514	30
2515	27
2516	29
2517	24
2518	32
2519	27
2520	28
2521	35
2522	27
2523	38
2524	24
2525	34
2526	35
2527	24
2528	27
2529	30
2530	27
2531	43
2532	34
2533	30
2534	34
2535	27
2536	33
2537	23
2538	26
2539	26
2540	28
2541	33
2542	28
2543	36
2544	29
2545	27
2546	27
2547	26
2548	34
2549	33
2550	28
2551	38
2552	32
2553	34
2554	33
2555	33
2556	32
2557	35
2558	26
2559	25
2560	31
2561	29
2562	21
2563	29
2564	32
2565	36
2566	33
2567	24
2568	27
2569	23
2570	29
2571	35
2572	25
2573	30
2574	25
2575	29
2576	29
2577	31
2578	23
2579	23
2580	23
2581	34
2582	33
2583	36
2584	36
2585	25
2586	30
2587	28
2588	33
2589	30
2590	34
2591	23
2592	32
2593	33
2594	21
2595	28
2596	37
2597	34
2598	29
2599	25
2600	34
2601	21
2602	24
2603	31
2604	33
2605	26
2606	27
2607	35
2608	23
2609	29
2610	26
2611	24
2612	27
2613	35
2614	29
2615	32
2616	37
2617	25
2618	25
2619	35
2620	33
2621	31
2622	27
2623	30
2624	23
2625	25
2626	24
2627	27
2628	29
2629	27
2630	25
2631	23
2632	17
2633	23
2634	30
2635	26
2636	30
2637	26
2638	35
2639	38
2640	23
2641	31
2642	42
2643	33
2644	32
2645	28
2646	26
2647	21
2648	29
2649	19
2650	19
2651	33
2652	29
2653	25
2654	25
2655	24
2656	31
2657	33
2658	41
2659	28
2660	39
2661	34
2662	32
2663	24
2664	34
2665	34
2666	33
2667	28
2668	25
2669	24
2670	22
2671	30
2672	23
2673	28
2674	26
2675	30
2676	27
2677	25
2678	20
2679	32
2680	26
2681	22
2682	31
2683	33
2684	27
2685	31
2686	29
2687	21
2688	26
2689	38
2690	32
2691	25
2692	30
2693	37
2694	33
2695	38
2696	32
2697	33
2698	33
2699	31
2700	30
2701	19
2702	29
2703	29
2704	35
2705	23
2706	22
2707	29
2708	29
2709	26
2710	31
2711	35
2712	26
2713	30
2714	21
2715	28
2716	27
2717	28
2718	36
2719	30
2720	28
2721	30
2722	24
2723	21
2724	27
2725	25
2726	32
2727	34
2728	34
2729	35
2730	29
2731	23
2732	37
2733	27
2734	25
2735	18
2736	26
2737	27
2738	31
2739	31
2740	36
2741	33
2742	24
2743	24
2744	24
2745	28
2746	20
2747	28
2748	28
2749	28
2750	23
2751	28
2752	23
2753	29
2754	29
2755	34
2756	27
2757	26
2758	27
2759	28
2760	31
2761	41
2762	29
2763	21
2764	30
2765	28
2766	27
2767	27
2768	23
2769	20
2770	26
2771	32
2772	34
2773	34
2774	28
2775	45
2776	35
2777	29
2778	33
2779	26
2780	26
2781	34
2782	31
2783	35
2784	31
2785	27
2786	23
2787	28
2788	33
2789	22
2790	33
2791	24
2792	27
2793	32
2794	28
2795	25
2796	27
2797	30
2798	27
2799	15
2800	26
2801	24
2802	26
2803	20
2804	28
2805	35
2806	25
2807	18
2808	33
2809	26
2810	31
2811	30
2812	24
2813	39
2814	36
2815	23
2816	26
2817	29
2818	23
2819	32
2820	26
2821	19
2822	32
2823	29
2824	19
2825	34
2826	23
2827	23
2828	28
2829	26
2830	14
2831	25
2832	27
2833	23
2834	27
2835	26
2836	31
2837	29
2838	30
2839	26
2840	31
2841	40
2842	29
2843	25
2844	30
2845	33
2846	22
2847	29
2848	29
2849	34
2850	23
2851	32
2852	36
2853	27
2854	25
2855	34
2856	32
2857	20
2858	18
2859	16
2860	27
2861	20
2862	26
2863	22
2864	32
2865	37
2866	17
2867	23
2868	31
2869	34
2870	30
2871	22
2872	21
2873	22
2874	30
2875	36
2876	31
2877	28
2878	27
2879	27
2880	23
2881	18
2882	21
2883	25
2884	22
2885	16
2886	25
2887	21
2888	24
2889	18
2890	40
2891	20
2892	31
2893	31
2894	22
2895	34
2896	24
2897	33
2898	30
2899	18
2900	25
2901	35
2902	31
2903	25
2904	28
2905	27
2906	28
2907	29
2908	23
2909	30
2910	26
2911	27
2912	37
2913	24
2914	24
2915	24
2916	31
2917	31
2918	20
2919	22
2920	26
2921	26
2922	21
2923	26
2924	37
2925	27
2926	39
2927	28
2928	30
2929	27
2930	25
2931	25
2932	27
2933	29
2934	37
2935	24
2936	41
2937	25
2938	20
2939	26
2940	27
2941	21
2942	25
2943	31
2944	14
2945	24
2946	22
2947	21
2948	22
2949	32
2950	17
2951	17
2952	30
2953	24
2954	28
2955	21
2956	25
2957	32
2958	31
2959	28
2960	23
2961	26
2962	24
2963	25
2964	27
2965	27
2966	30
2967	28
2968	32
2969	22
2970	29
2971	30
2972	27
2973	14
2974	20
2975	24
2976	36
2977	35
2978	22
2979	25
2980	31
2981	21
2982	20
2983	33
2984	32
2985	24
2986	36
2987	35
2988	21
2989	29
2990	21
2991	28
2992	24
2993	29
2994	25
2995	27
2996	25
2997	23
2998	21
2999	19
3000	22
3001	24
3002	20
3003	25
3004	23
3005	25
3006	24
3007	23
3008	31
3009	27
3010	28
3011	17
3012	23
3013	25
3014	21
3015	13
3016	28
3017	22
3018	15
3019	29
3020	24
3021	35
3022	27
3023	29
3024	20
3025	29
3026	42
3027	24
3028	35
3029	26
3030	32
3031	20
3032	18
3033	19
3034	22
3035	27
3036	26
3037	27
3038	28
3039	25
3040	22
3041	25
3042	24
3043	22
3044	19
3045	34
3046	26
3047	26
3048	22
3049	27
3050	34
3051	22
3052	21
3053	33
3054	24
3055	43
3056	14
3057	24
3058	21
3059	27
3060	36
3061	27
3062	30
3063	16
3064	21
3065	17
3066	31
3067	23
3068	27
3069	23
3070	26
3071	35
3072	18
3073	33
3074	33
3075	34
3076	13
3077	27
3078	24
3079	25
3080	22
3081	24
3082	19
3083	27
3084	37
3085	26
3086	17
3087	23
3088	24
3089	31
3090	21
3091	20
3092	27
3093	31
3094	24
3095	36
3096	28
3097	24
3098	20
3099	29
3100	20
3101	17
3102	21
3103	38
3104	26
3105	22
3106	31
3107	25
3108	27
3109	29
3110	16
3111	24
3112	30
3113	31
3114	29
3115	21
3116	28
3117	30
3118	21
3119	32
3120	24
3121	31
3122	27
3123	29
3124	25
3125	25
3126	39
3127	25
3128	34
3129	19
3130	24
3131	26
3132	27
3133	23
3134	35
3135	22
3136	28
3137	33
3138	34
3139	20
3140	23
3141	34
3142	27
3143	23
3144	23
3145	26
3146	26
3147	20
3148	41
3149	32
3150	25
3151	22
3152	22
3153	29
3154	23
3155	30
3156	29
3157	23
3158	27
3159	22
3160	26
3161	19
3162	31
3163	28
3164	25
3165	37
3166	30
3167	34
3168	33
3169	28
3170	23
3171	38
3172	33
3173	31
3174	24
3175	31
3176	29
3177	31
3178	32
3179	29
3180	32
3181	27
3182	30
3183	25
3184	18
3185	29
3186	22
3187	21
3188	26
3189	24
3190	27
3191	26
3192	28
3193	35
3194	31
3195	27
3196	30
3197	23
3198	24
3199	32
3200	27
3201	25
3202	24
3203	27
3204	24
3205	22
3206	25
3207	28
3208	27
3209	24
3210	30
3211	21
3212	20
3213	27
3214	27
3215	26
3216	21
3217	22
3218	31
3219	24
3220	26
3221	16
3222	25
3223	32
3224	23
3225	32
3226	16
3227	29
3228	28
3229	28
3230	29
3231	26
3232	26
3233	27
3234	25
3235	18
3236	26
3237	25
3238	29
3239	21
3240	19
3241	31
3242	23
3243	25
3244	33
3245	21
3246	29
3247	30
3248	16
3249	21
3250	31
3251	31
3252	30
3253	29
3254	28
3255	24
3256	37
3257	25
3258	19
3259	28
3260	21
3261	15
3262	22
3263	21
3264	25
3265	26
3266	26
3267	18
3268	21
3269	25
3270	22
3271	22
3272	24
3273	35
3274	22
3275	29
3276	29
3277	29
3278	19
3279	26
3280	16
3281	25
3282	20
3283	30
3284	23
3285	21
3286	21
3287	29
3288	25
3289	29
3290	19
3291	29
3292	30
3293	19
3294	18
3295	27
3296	25
3297	31
3298	30
3299	24
3300	19
3301	20
3302	22
3303	38
3304	23
3305	29
3306	34
3307	20
3308	23
3309	34
3310	34
3311	35
3312	35
3313	28
3314	22
3315	17
3316	30
3317	12
3318	26
3319	19
3320	29
3321	28
3322	26
3323	19
3324	20
3325	30
3326	36
3327	36
3328	18
3329	36
3330	25
3331	16
3332	22
3333	23
3334	30
3335	25
3336	25
3337	28
3338	15
3339	26
3340	27
3341	26
3342	26
3343	28
3344	26
3345	21
3346	26
3347	31
3348	17
3349	25
3350	24
3351	30
3352	20
3353	24
3354	24
3355	21
3356	27
3357	20
3358	23
3359	14
3360	17
3361	30
3362	38
3363	24
3364	27
3365	23
3366	31
3367	28
3368	34
3369	22
3370	23
3371	28
3372	29
3373	39
3374	19
3375	29
3376	28
3377	21
3378	36
3379	18
3380	25
3381	20
3382	23
3383	26
3384	22
3385	22
3386	21
3387	31
3388	20
3389	29
3390	26
3391	26
3392	23
3393	26
3394	25
3395	23
3396	21
3397	30
3398	34
3399	28
3400	24
3401	18
3402	24
3403	27
3404	24
3405	26
3406	35
3407	24
3408	26
3409	20
3410	24
3411	24
3412	29
3413	25
3414	19
3415	27
3416	31
3417	32
3418	16
3419	27
3420	33
3421	27
3422	26
3423	26
3424	26
3425	24
3426	28
3427	25
3428	33
3429	21
3430	17
3431	21
3432	20
3433	33
3434	20
3435	23
3436	27
3437	21
3438	22
3439	32
3440	28
3441	25
3442	28
3443	22
3444	26
3445	22
3446	26
3447	25
3448	28
3449	20
3450	25
3451	30
3452	27
3453	23
3454	17
3455	29
3456	23
3457	28
3458	28
3459	30
3460	26
3461	24
3462	21
3463	28
3464	38
3465	42
3466	27
3467	29
3468	30
3469	18
3470	26
3471	24
3472	17
3473	19
3474	34
3475	22
3476	29
3477	22
3478	28
3479	31
3480	26
3481	17
3482	28
3483	19
3484	23
3485	27
3486	28
3487	28
3488	27
3489	33
3490	33
3491	24
3492	24
3493	21
3494	23
3495	22
3496	21
3497	28
3498	21
3499	21
3500	28
3501	24
3502	22
3503	34
3504	26
3505	19
3506	29
3507	26
3508	25
3509	21
3510	21
3511	20
3512	16
3513	24
3514	24
3515	22
3516	26
3517	29
3518	19
3519	20
3520	24
3521	20
3522	24
3523	24
3524	20
3525	24
3526	25
3527	20
3528	25
3529	23
3530	21
3531	27
3532	20
3533	34
3534	27
3535	32
3536	20
3537	19
3538	23
3539	30
3540	24
3541	30
3542	22
3543	17
3544	26
3545	32
3546	29
3547	26
3548	21
3549	22
3550	22
3551	22
3552	26
3553	23
3554	30
3555	18
3556	26
3557	31
3558	24
3559	29
3560	20
3561	23
3562	21
3563	22
3564	35
3565	20
3566	37
3567	34
3568	23
3569	32
3570	24
3571	30
3572	37
3573	25
3574	22
3575	27
3576	19
3577	24
3578	21
3579	24
3580	22
3581	23
3582	26
3583	21
3584	19
3585	18
3586	32
3587	26
3588	22
3589	21
3590	18
3591	21
3592	30
3593	25
3594	27
3595	30
3596	17
3597	32
3598	19
3599	24
3600	30
3601	25
3602	34
3603	25
3604	21
3605	24
3606	17
3607	14
3608	25
3609	24
3610	24
3611	35
3612	28
3613	25
3614	29
3615	26
3616	21
3617	30
3618	24
3619	26
3620	31
3621	23
3622	29
3623	26
3624	27
3625	17
3626	27
3627	28
3628	27
3629	19
3630	21
3631	27
3632	28
3633	27
3634	30
3635	25
3636	25
3637	19
3638	25
3639	22
3640	35
3641	22
3642	20
3643	20
3644	32
3645	24
3646	24
3647	31
3648	24
3649	26
3650	26
3651	26
3652	19
3653	39
3654	24
3655	36
3656	23
3657	22
3658	35
3659	18
3660	28
3661	21
3662	22
3663	20
3664	27
3665	20
3666	19
3667	25
3668	27
3669	25
3670	18
3671	25
3672	19
3673	24
3674	39
3675	16
3676	27
3677	19
3678	30
3679	23
3680	29
3681	29
3682	20
3683	23
3684	27
3685	18
3686	40
3687	25
3688	16
3689	25
3690	24
3691	31
3692	20
3693	21
3694	28
3695	32
3696	26
3697	19
3698	23
3699	25
3700	21
3701	25
3702	19
3703	34
3704	25
3705	22
3706	22
3707	25
3708	26
3709	29
3710	31
3711	28
3712	17
3713	23
3714	31
3715	22
3716	27
3717	27
3718	22
3719	31
3720	26
3721	30
3722	22
3723	32
3724	21
3725	29
3726	24
3727	17
3728	19
3729	33
3730	25
3731	23
3732	22
3733	23
3734	25
3735	27
3736	30
3737	26
3738	27
3739	21
3740	23
3741	26
3742	25
3743	23
3744	21
3745	27
3746	21
3747	36
3748	29
3749	23
3750	25
3751	39
3752	34
3753	30
3754	27
3755	30
3756	26
3757	22
3758	27
3759	28
3760	22
3761	25
3762	26
3763	24
3764	23
3765	26
3766	31
3767	31
3768	27
3769	25
3770	35
3771	34
3772	25
3773	30
3774	34
3775	28
3776	28
3777	14
3778	22
3779	25
3780	28
3781	24
3782	19
3783	28
3784	22
3785	18
3786	17
3787	24
3788	32
3789	26
3790	19
3791	16
3792	32
3793	26
3794	22
3795	24
3796	30
3797	30
3798	22
3799	26
3800	31
3801	22
3802	17
3803	30
3804	25
3805	25
3806	24
3807	33
3808	22
3809	23
3810	18
3811	29
3812	18
3813	28
3814	26
3815	27
3816	26
3817	20
3818	34
3819	23
3820	20
3821	26
3822	25
3823	28
3824	30
3825	25
3826	20
3827	31
3828	31
3829	26
3830	25
3831	25
3832	27
3833	29
3834	29
3835	26
3836	28
3837	28
3838	19
3839	23
3840	21
3841	26
3842	20
3843	22
3844	23
3845	19
3846	33
3847	24
3848	20
3849	18
3850	25
3851	40
3852	20
3853	28
3854	28
3855	19
3856	20
3857	33
3858	27
3859	30
3860	22
3861	17
3862	22
3863	19
3864	36
3865	26
3866	34
3867	19
3868	34
3869	25
3870	26
3871	20
3872	21
3873	27
3874	25
3875	30
3876	23
3877	20
3878	20
3879	16
3880	26
3881	29
3882	24
3883	22
3884	29
3885	21
3886	24
3887	22
3888	25
3889	23
3890	22
3891	28
3892	22
3893	26
3894	31
3895	21
3896	31
3897	22
3898	21
3899	26
3900	27
3901	21
3902	29
3903	21
3904	26
3905	31
3906	20
3907	22
3908	22
3909	29
3910	31
3911	32
3912	21
3913	20
3914	23
3915	21
3916	27
3917	27
3918	26
3919	21
3920	19
3921	31
3922	28
3923	31
3924	30
3925	29
3926	36
3927	20
3928	25
3929	18
3930	28
3931	22
3932	27
3933	34
3934	33
3935	27
3936	32
3937	22
3938	30
3939	25
3940	23
3941	21
3942	21
3943	27
3944	26
3945	23
3946	20
3947	25
3948	23
3949	31
3950	26
3951	25
3952	22
3953	22
3954	23
3955	27
3956	26
3957	34
3958	19
3959	27
3960	36
3961	31
3962	21
3963	29
3964	25
3965	22
3966	28
3967	27
3968	21
3969	25
3970	32
3971	27
3972	34
3973	23
3974	24
3975	29
3976	26
3977	28
3978	26
3979	38
3980	16
3981	23
3982	24
3983	19
3984	22
3985	26
3986	25
3987	25
3988	39
3989	19
3990	25
3991	25
3992	15
3993	31
3994	31
3995	36
3996	23
3997	18
3998	19
3999	25
4000	17
4001	21
4002	28
4003	26
4004	27
4005	22
4006	30
4007	22
4008	30
4009	19
4010	24
4011	29
4012	39
4013	23
4014	32
4015	27
4016	20
4017	30
4018	23
4019	32
4020	24
4021	20
4022	25
4023	28
4024	26
4025	32
4026	21
4027	28
4028	21
4029	23
4030	22
4031	24
4032	22
4033	23
4034	22
4035	23
4036	31
4037	44
4038	27
4039	29
4040	23
4041	34
4042	18
4043	30
4044	26
4045	35
4046	34
4047	16
4048	17
4049	24
4050	25
4051	22
4052	39
4053	23
4054	23
4055	30
4056	26
4057	19
4058	24
4059	24
4060	24
4061	30
4062	22
4063	23
4064	34
4065	22
4066	23
4067	24
4068	20
4069	25
4070	23
4071	18
4072	20
4073	23
4074	24
4075	30
4076	24
4077	33
4078	27
4079	27
4080	29
4081	17
4082	26
4083	25
4084	29
4085	33
4086	25
4087	38
4088	30
4089	21
4090	31
4091	30
4092	23
4093	31
4094	20
4095	20
4096	23
4097	27
4098	22
4099	29
4100	35
4101	22
4102	31
4103	29
4104	22
4105	32
4106	27
4107	19
4108	25
4109	23
4110	27
4111	29
4112	31
4113	25
4114	32
4115	21
4116	27
4117	30
4118	27
4119	25
4120	27
4121	32
4122	30
4123	29
4124	26
4125	28
4126	26
4127	30
4128	23
4129	27
4130	25
4131	26
4132	29
4133	25
4134	29
4135	38
4136	32
4137	30
4138	21
4139	32
4140	20
4141	23
4142	32
4143	33
4144	17
4145	28
4146	27
4147	28
4148	22
4149	21
4150	29
4151	27
4152	26
4153	29
4154	18
4155	21
4156	23
4157	31
4158	23
4159	28
4160	30
4161	24
4162	28
4163	30
4164	22
4165	24
4166	20
4167	20
4168	31
4169	23
4170	25
4171	23
4172	31
4173	23
4174	32
4175	31
4176	29
4177	32
4178	30
4179	29
4180	28
4181	21
4182	28
4183	17
4184	24
4185	28
4186	31
4187	24
4188	24
4189	30
4190	23
4191	23
4192	23
4193	25
4194	21
4195	23
4196	22
4197	30
4198	20
4199	20
4200	22
4201	25
4202	32
4203	26
4204	30
4205	18
4206	23
4207	29
4208	23
4209	20
4210	23
4211	30
4212	26
4213	22
4214	30
4215	23
4216	22
4217	31
4218	31
4219	22
4220	32
4221	30
4222	22
4223	28
4224	25
4225	25
4226	38
4227	26
4228	32
4229	28
4230	37
4231	21
4232	23
4233	24
4234	19
4235	29
4236	27
4237	26
4238	27
4239	20
4240	29
4241	33
4242	32
4243	34
4244	25
4245	32
4246	18
4247	35
4248	27
4249	21
4250	26
4251	25
4252	26
4253	20
4254	23
4255	28
4256	22
4257	28
4258	23
4259	29
4260	30
4261	20
4262	25
4263	34
4264	23
4265	26
4266	28
4267	27
4268	20
4269	32
4270	24
4271	30
4272	23
4273	32
4274	30
4275	18
4276	24
4277	28
4278	23
4279	27
4280	30
4281	26
4282	27
4283	18
4284	31
4285	26
4286	31
4287	23
4288	21
4289	23
4290	25
4291	31
4292	26
4293	33
4294	22
4295	17
4296	32
4297	28
4298	20
4299	23
4300	36
4301	32
4302	34
4303	31
4304	37
4305	25
4306	31
4307	29
4308	30
4309	26
4310	27
4311	26
4312	22
4313	26
4314	35
4315	23
4316	21
4317	27
4318	35
4319	22
4320	24
4321	29
4322	28
4323	34
4324	22
4325	16
4326	22
4327	31
4328	26
4329	26
4330	25
4331	29
4332	28
4333	20
4334	26
4335	26
4336	39
4337	35
4338	35
4339	20
4340	21
4341	28
4342	31
4343	22
4344	26
4345	22
4346	34
4347	30
4348	30
4349	27
4350	21
4351	32
4352	28
4353	18
4354	30
4355	24
4356	27
4357	22
4358	28
4359	30
4360	27
4361	27
4362	35
4363	31
4364	31
4365	37
4366	28
4367	20
4368	29
4369	32
4370	23
4371	22
4372	24
4373	20
4374	28
4375	26
4376	29
4377	28
4378	28
4379	35
4380	28
4381	29
4382	13
4383	28
4384	29
4385	31
4386	31
4387	29
4388	22
4389	32
4390	22
4391	24
4392	22
4393	26
4394	31
4395	23
4396	27
4397	19
4398	27
4399	31
4400	27
4401	29
4402	22
4403	31
4404	23
4405	22
4406	20
4407	37
4408	21
4409	26
4410	27
4411	32
4412	29
4413	29
4414	19
4415	25
4416	28
4417	23
4418	35
4419	32
4420	31
4421	23
4422	24
4423	31
4424	32
4425	25
4426	32
4427	25
4428	26
4429	26
4430	27
4431	25
4432	26
4433	27
4434	30
4435	27
4436	29
4437	16
4438	32
4439	30
4440	27
4441	26
4442	26
4443	20
4444	19
4445	27
4446	34
4447	25
4448	21
4449	33
4450	18
4451	23
4452	22
4453	25
4454	25
4455	34
4456	27
4457	28
4458	29
4459	32
4460	29
4461	21
4462	29
4463	20
4464	36
4465	33
4466	24
4467	32
4468	30
4469	33
4470	26
4471	22
4472	28
4473	24
4474	25
4475	25
4476	42
4477	33
4478	19
4479	21
4480	28
4481	27
4482	32
4483	40
4484	36
4485	33
4486	36
4487	32
4488	20
4489	19
4490	29
4491	32
4492	29
4493	28
4494	34
4495	25
4496	21
4497	30
4498	26
4499	36
4500	20
4501	36
4502	23
4503	20
4504	27
4505	29
4506	27
4507	27
4508	29
4509	32
4510	35
4511	30
4512	35
4513	28
4514	36
4515	32
4516	35
4517	28
4518	29
4519	34
4520	29
4521	22
4522	35
4523	34
4524	38
4525	24
4526	23
4527	24
4528	31
4529	26
4530	29
4531	28
4532	20
4533	35
4534	29
4535	26
4536	35
4537	32
4538	30
4539	22
4540	25
4541	26
4542	34
4543	28
4544	31
4545	27
4546	23
4547	35
4548	34
4549	24
4550	30
4551	24
4552	35
4553	31
4554	29
4555	27
4556	16
4557	37
4558	26
4559	30
4560	40
4561	32
4562	38
4563	32
4564	27
4565	31
4566	21
4567	28
4568	30
4569	31
4570	20
4571	35
4572	29
4573	27
4574	32
4575	34
4576	32
4577	24
4578	25
4579	25
4580	20
4581	30
4582	29
4583	24
4584	26
4585	27
4586	28
4587	26
4588	35
4589	29
4590	24
4591	40
4592	27
4593	21
4594	37
4595	32
4596	27
4597	29
4598	31
4599	30
4600	31
4601	28
4602	32
4603	27
4604	32
4605	19
4606	32
4607	24
4608	34
4609	26
4610	30
4611	33
4612	28
4613	21
4614	34
4615	17
4616	27
4617	25
4618	30
4619	30
4620	28
4621	31
4622	40
4623	30
4624	30
4625	27
4626	26
4627	23
4628	28
4629	30
4630	26
4631	22
4632	28
4633	36
4634	23
4635	21
4636	34
4637	24
4638	28
4639	31
4640	19
4641	26
4642	32
4643	38
4644	16
4645	38
4646	25
4647	30
4648	24
4649	24
4650	33
4651	25
4652	33
4653	24
4654	29
4655	31
4656	24
4657	39
4658	37
4659	29
4660	25
4661	37
4662	16
4663	24
4664	29
4665	32
4666	31
4667	28
4668	35
4669	32
4670	25
4671	20
4672	23
4673	31
4674	24
4675	30
4676	20
4677	25
4678	24
4679	22
4680	26
4681	23
4682	33
4683	33
4684	36
4685	35
4686	18
4687	34
4688	25
4689	31
4690	27
4691	26
4692	24
4693	40
4694	31
4695	35
4696	35
4697	32
4698	31
4699	25
4700	28
4701	26
4702	20
4703	25
4704	32
4705	27
4706	19
4707	23
4708	29
4709	29
4710	25
4711	30
4712	38
4713	26
4714	34
4715	31
4716	37
4717	34
4718	37
4719	25
4720	29
4721	30
4722	32
4723	35
4724	26
4725	28
4726	28
4727	20
4728	25
4729	40
4730	30
4731	11
4732	35
4733	27
4734	23
4735	23
4736	32
4737	21
4738	30
4739	28
4740	22
4741	31
4742	27
4743	37
4744	28
4745	22
4746	31
4747	28
4748	28
4749	27
4750	34
4751	37
4752	38
4753	30
4754	30
4755	30
4756	35
4757	24
4758	33
4759	24
4760	37
4761	33
4762	30
4763	33
4764	32
4765	26
4766	27
4767	25
4768	35
4769	25
4770	31
4771	30
4772	16
4773	29
4774	25
4775	32
4776	24
4777	24
4778	28
4779	26
4780	30
4781	34
4782	41
4783	28
4784	25
4785	38
4786	23
4787	28
4788	23
4789	29
4790	27
4791	27
4792	18
4793	25
4794	23
4795	27
4796	26
4797	26
4798	34
4799	37
4800	27
4801	32
4802	31
4803	26
4804	28
4805	24
4806	30
4807	30
4808	38
4809	31
4810	34
4811	27
4812	24
4813	37
4814	29
4815	23
4816	27
4817	33
4818	24
4819	30
4820	26
4821	32
4822	39
4823	35
4824	27
4825	30
4826	29
4827	26
4828	27
4829	28
4830	28
4831	28
4832	32
4833	36
4834	26
4835	27
4836	33
4837	29
4838	25
4839	29
4840	24
4841	32
4842	27
4843	36
4844	29
4845	20
4846	35
4847	29
4848	27
4849	31
4850	21
4851	27
4852	33
4853	29
4854	25
4855	29
4856	28
4857	32
4858	27
4859	22
4860	22
4861	28
4862	32
4863	34
4864	31
4865	29
4866	34
4867	19
4868	25
4869	25
4870	36
4871	30
4872	31
4873	32
4874	31
4875	19
4876	32
4877	26
4878	26
4879	36
4880	43
4881	24
4882	31
4883	31
4884	31
4885	32
4886	26
4887	30
4888	29
4889	32
4890	33
4891	19
4892	39
4893	41
4894	24
4895	33
4896	24
4897	21
4898	35
4899	27
4900	20
4901	41
4902	32
4903	26
4904	24
4905	28
4906	34
4907	28
4908	36
4909	30
4910	24
4911	24
4912	21
4913	32
4914	31
4915	26
4916	29
4917	28
4918	26
4919	20
4920	28
4921	26
4922	23
4923	31
4924	18
4925	36
4926	24
4927	25
4928	33
4929	28
4930	30
4931	26
4932	22
4933	34
4934	38
4935	30
4936	24
4937	27
4938	34
4939	26
4940	33
4941	23
4942	24
4943	34
4944	29
4945	31
4946	23
4947	28
4948	37
4949	24
4950	21
4951	41
4952	25
4953	31
4954	22
4955	18
4956	23
4957	30
4958	22
4959	27
4960	30
4961	27
4962	31
4963	29
4964	24
4965	36
4966	27
4967	29
4968	27
4969	18
4970	32
4971	30
4972	28
4973	31
4974	33
4975	22
4976	35
4977	23
4978	25
4979	36
4980	33
4981	36
4982	33
4983	20
4984	19
4985	14
4986	30
4987	17
4988	26
4989	34
4990	26
4991	32
4992	34
4993	23
4994	31
4995	34
4996	32
4997	31
4998	33
4999	26
5000	25
5001	30
5002	31
5003	25
5004	33
5005	30
5006	23
5007	24
5008	14
5009	25
5010	28
5011	37
5012	22
5013	26
5014	25
5015	25
5016	22
5017	32
5018	27
5019	32
5020	31
5021	20
5022	25
5023	28
5024	27
5025	27
5026	18
5027	21
5028	24
5029	30
5030	22
5031	32
5032	21
5033	29
5034	20
5035	17
5036	24
5037	30
5038	24
5039	28
5040	19
5041	28
5042	28
5043	24
5044	29
5045	24
5046	26
5047	24
5048	29
5049	27
5050	25
5051	15
5052	29
5053	16
5054	28
5055	18
5056	29
5057	24
5058	24
5059	23
5060	32
5061	21
5062	17
5063	27
5064	29
5065	22
5066	14
5067	23
5068	28
5069	27
5070	31
5071	19
5072	16
5073	22
5074	24
5075	31
5076	28
5077	21
5078	24
5079	17
5080	17
5081	27
5082	15
5083	29
5084	21
5085	25
5086	24
5087	16
5088	29
5089	23
5090	19
5091	16
5092	20
5093	24
5094	18
5095	21
5096	29
5097	28
5098	20
5099	15
5100	35
5101	26
5102	22
5103	23
5104	22
5105	21
5106	23
5107	28
5108	29
5109	31
5110	24
5111	22
5112	25
5113	25
5114	29
5115	26
5116	32
5117	19
5118	27
5119	29
5120	15
5121	27
5122	22
5123	29
5124	28
5125	31
5126	20
5127	19
5128	29
5129	25
5130	27
5131	24
5132	27
5133	27
5134	19
5135	25
5136	21
5137	21
5138	27
5139	15
5140	21
5141	18
5142	23
5143	26
5144	14
5145	24
5146	22
5147	22
5148	24
5149	29
5150	24
5151	25
5152	38
5153	21
5154	17
5155	29
5156	24
5157	20
5158	18
5159	24
5160	21
5161	17
5162	18
5163	31
5164	22
5165	22
5166	26
5167	23
5168	21
5169	27
5170	16
5171	23
5172	26
5173	23
5174	29
5175	22
5176	23
5177	18
5178	21
5179	29
5180	22
5181	22
5182	16
5183	21
5184	21
5185	12
5186	25
5187	18
5188	22
5189	29
5190	21
5191	25
5192	20
5193	29
5194	23
5195	17
5196	24
5197	24
5198	19
5199	18
5200	13
5201	21
5202	26
5203	12
5204	24
5205	17
5206	27
5207	25
5208	26
5209	18
5210	25
5211	22
5212	21
5213	17
5214	18
5215	16
5216	24
5217	17
5218	29
5219	14
5220	9
5221	22
5222	23
5223	28
5224	21
5225	21
5226	22
5227	22
5228	24
5229	17
5230	22
5231	21
5232	19
5233	22
5234	28
5235	21
5236	19
5237	12
5238	21
5239	18
5240	18
5241	17
5242	26
5243	17
5244	13
5245	18
5246	19
5247	25
5248	19
5249	27
5250	16
5251	28
5252	21
5253	23
5254	23
5255	26
5256	14
5257	25
5258	24
5259	25
5260	26
5261	24
5262	25
5263	21
5264	18
5265	23
5266	18
5267	23
5268	25
5269	25
5270	16
5271	15
5272	22
5273	24
5274	15
5275	31
5276	18
5277	26
5278	11
5279	23
5280	19
5281	24
5282	19
5283	27
5284	15
5285	20
5286	19
5287	20
5288	19
5289	19
5290	22
5291	21
5292	26
5293	15
5294	16
5295	13
5296	17
5297	21
5298	15
5299	28
5300	30
5301	21
5302	22
5303	22
5304	20
5305	11
5306	19
5307	15
5308	11
5309	21
5310	27
5311	18
5312	21
5313	12
5314	23
5315	20
5316	19
5317	15
5318	13
5319	20
5320	16
5321	22
5322	25
5323	21
5324	31
5325	19
5326	24
5327	19
5328	20
5329	18
5330	23
5331	29
5332	24
5333	20
5334	26
5335	23
5336	22
5337	21
5338	25
5339	17
5340	17
5341	21
5342	27
5343	20
5344	23
5345	16
5346	18
5347	13
5348	31
5349	23
5350	21
5351	23
5352	28
5353	17
5354	22
5355	26
5356	18
5357	27
5358	30
5359	19
5360	15
5361	27
5362	17
5363	15
5364	21
5365	20
5366	20
5367	18
5368	27
5369	23
5370	20
5371	20
5372	25
5373	18
5374	20
5375	20
5376	17
5377	16
5378	15
5379	18
5380	19
5381	18
5382	28
5383	12
5384	15
5385	15
5386	15
5387	23
5388	8
5389	22
5390	17
5391	18
5392	16
5393	10
5394	19
5395	22
5396	25
5397	20
5398	26
5399	28
5400	14
5401	23
5402	20
5403	14
5404	20
5405	21
5406	17
5407	17
5408	22
5409	19
5410	26
5411	18
5412	20
5413	19
5414	20
5415	18
5416	18
5417	29
5418	16
5419	21
5420	19
5421	11
5422	25
5423	12
5424	20
5425	13
5426	20
5427	22
5428	19
5429	10
5430	15
5431	32
5432	19
5433	21
5434	13
5435	16
5436	18
5437	16
5438	25
5439	15
5440	20
5441	16
5442	20
5443	25
5444	15
5445	29
5446	23
5447	19
5448	19
5449	29
5450	20
5451	20
5452	17
5453	10
5454	27
5455	14
5456	13
5457	16
5458	23
5459	19
5460	17
5461	16
5462	9
5463	19
5464	18
5465	27
5466	17
5467	21
5468	17
5469	22
5470	17
5471	11
5472	13
5473	19
5474	18
5475	17
5476	15
5477	17
5478	21
5479	23
5480	25
5481	22
5482	27
5483	23
5484	18
5485	16
5486	23
5487	20
5488	18
5489	24
5490	15
5491	21
5492	14
5493	19
5494	21
5495	20
5496	21
5497	18
5498	19
5499	18
5500	21
5501	26
5502	20
5503	21
5504	15
5505	30
5506	17
5507	17
5508	19
5509	19
5510	22
5511	14
5512	20
5513	15
5514	20
5515	17
5516	13
5517	12
5518	9
5519	22
5520	23
5521	21
5522	22
5523	20
5524	16
5525	18
5526	29
5527	20
5528	12
5529	28
5530	16
5531	22
5532	23
5533	22
5534	13
5535	9
5536	22
5537	17
5538	16
5539	23
5540	26
5541	18
5542	18
5543	22
5544	12
5545	15
5546	22
5547	17
5548	17
5549	15
5550	16
5551	21
5552	23
5553	14
5554	16
5555	20
5556	20
5557	19
5558	19
5559	20
5560	25
5561	20
5562	16
5563	18
5564	12
5565	24
5566	21
5567	14
5568	19
5569	18
5570	19
5571	22
5572	16
5573	21
5574	14
5575	19
5576	16
5577	29
5578	20
5579	8
5580	22
5581	22
5582	15
5583	20
5584	20
5585	19
5586	18
5587	14
5588	15
5589	18
5590	20
5591	22
5592	12
5593	22
5594	20
5595	20
5596	24
5597	16
5598	20
5599	19
5600	16
5601	15
5602	27
5603	12
5604	13
5605	17
5606	19
5607	14
5608	19
5609	16
5610	19
5611	19
5612	19
5613	19
5614	12
5615	17
5616	18
5617	12
5618	15
5619	10
5620	16
5621	13
5622	15
5623	16
5624	21
5625	16
5626	26
5627	18
5628	18
5629	23
5630	19
5631	15
5632	17
5633	24
5634	17
5635	13
5636	20
5637	16
5638	17
5639	12
5640	17
5641	17
5642	22
5643	17
5644	17
5645	14
5646	28
5647	21
5648	20
5649	20
5650	27
5651	13
5652	20
5653	16
5654	19
5655	23
5656	25
5657	10
5658	19
5659	24
5660	20
5661	11
5662	24
5663	14
5664	21
5665	27
5666	12
5667	25
5668	14
5669	19
5670	10
5671	20
5672	31
5673	18
5674	12
5675	18
5676	17
5677	19
5678	23
5679	22
5680	20
5681	17
5682	18
5683	22
5684	18
5685	27
5686	14
5687	27
5688	26
5689	17
5690	19
5691	19
5692	19
5693	13
5694	17
5695	23
5696	21
5697	24
5698	10
5699	13
5700	17
5701	25
5702	25
5703	17
5704	16
5705	32
5706	15
5707	12
5708	22
5709	21
5710	23
5711	15
5712	12
5713	25
5714	21
5715	19
5716	14
5717	16
5718	21
5719	16
5720	13
5721	14
5722	15
5723	17
5724	15
5725	20
5726	14
5727	18
5728	22
5729	18
5730	20
5731	15
5732	17
5733	20
5734	16
5735	20
5736	21
5737	17
5738	11
5739	12
5740	23
5741	18
5742	16
5743	15
5744	22
5745	19
5746	21
5747	17
5748	16
5749	12
5750	12
5751	15
5752	17
5753	15
5754	16
5755	12
5756	14
5757	15
5758	16
5759	7
5760	18
5761	14
5762	16
5763	20
5764	13
5765	20
5766	9
5767	13
5768	17
5769	9
5770	29
5771	28
5772	15
5773	16
5774	14
5775	20
5776	25
5777	17
5778	20
5779	16
5780	13
5781	15
5782	18
5783	24
5784	31
5785	13
5786	12
5787	28
5788	15
5789	15
5790	17
5791	8
5792	13
5793	18
5794	19
5795	16
5796	16
5797	23
5798	23
5799	22
5800	19
5801	19
5802	16
5803	14
5804	23
5805	13
5806	24
5807	13
5808	19
5809	20
5810	18
5811	11
5812	16
5813	16
5814	14
5815	16
5816	15
5817	20
5818	19
5819	19
5820	17
5821	14
5822	17
5823	18
5824	18
5825	12
5826	11
5827	18
5828	20
5829	12
5830	9
5831	14
5832	18
5833	14
5834	15
5835	16
5836	18
5837	14
5838	13
5839	16
5840	15
5841	18
5842	17
5843	21
5844	16
5845	14
5846	10
5847	16
5848	19
5849	11
5850	11
5851	16
5852	17
5853	15
5854	20
5855	18
5856	19
5857	20
5858	14
5859	20
5860	16
5861	16
5862	19
5863	15
5864	16
5865	26
5866	17
5867	15
5868	21
5869	20
5870	15
5871	10
5872	18
5873	21
5874	8
5875	10
5876	21
5877	13
5878	13
5879	16
5880	19
5881	16
5882	17
5883	14
5884	16
5885	20
5886	15
5887	18
5888	24
5889	15
5890	19
5891	14
5892	9
5893	12
5894	14
5895	20
5896	14
5897	17
5898	17
5899	19
5900	11
5901	19
5902	23
5903	14
5904	11
5905	10
5906	16
5907	18
5908	17
5909	11
5910	16
5911	4
5912	9
5913	16
5914	17
5915	14
5916	14
5917	19
5918	17
5919	27
5920	11
5921	18
5922	17
5923	14
5924	14
5925	17
5926	13
5927	13
5928	16
5929	19
5930	18
5931	11
5932	12
5933	23
5934	19
5935	15
5936	15
5937	21
5938	15
5939	10
5940	14
5941	13
5942	18
5943	16
5944	5
5945	17
5946	16
5947	18
5948	20
5949	15
5950	21
5951	16
5952	18
5953	14
5954	22
5955	21
5956	23
5957	19
5958	24
5959	8
5960	15
5961	19
5962	16
5963	10
5964	23
5965	19
5966	16
5967	23
5968	10
5969	20
5970	23
5971	14
5972	17
5973	15
5974	15
5975	13
5976	18
5977	14
5978	17
5979	20
5980	18
5981	13
5982	24
5983	17
5984	17
5985	14
5986	21
5987	21
5988	20
5989	21
5990	23
5991	14
5992	16
5993	19
5994	22
5995	20
5996	12
5997	25
5998	17
5999	17
6000	19
6001	23
6002	19
6003	21
6004	22
6005	27
6006	28
6007	35
6008	16
6009	21
6010	17
6011	21
6012	22
6013	25
6014	26
6015	21
6016	21
6017	27
6018	17
6019	17
6020	21
6021	19
6022	26
6023	21
6024	19
6025	29
6026	23
6027	24
6028	21
6029	22
6030	25
6031	24
6032	19
6033	17
6034	32
6035	16
6036	24
6037	23
6038	26
6039	25
6040	17
6041	30
6042	24
6043	19
6044	24
6045	17
6046	29
6047	24
6048	27
6049	22
6050	28
6051	26
6052	29
6053	20
6054	26
6055	31
6056	26
6057	34
6058	25
6059	31
6060	30
6061	24
6062	26
6063	23
6064	27
6065	35
6066	39
6067	31
6068	33
6069	19
6070	29
6071	32
6072	21
6073	28
6074	33
6075	27
6076	36
6077	30
6078	33
6079	27
6080	24
6081	29
6082	28
6083	37
6084	29
6085	29
6086	28
6087	33
6088	27
6089	30
6090	16
6091	29
6092	31
6093	30
6094	36
6095	30
6096	29
6097	31
6098	40
6099	36
6100	34
6101	29
6102	38
6103	37
6104	37
6105	36
6106	36
6107	32
6108	31
6109	35
6110	31
6111	36
6112	35
6113	43
6114	38
6115	33
6116	33
6117	29
6118	28
6119	31
6120	39
6121	34
6122	39
6123	38
6124	38
6125	40
6126	44
6127	30
6128	29
6129	47
6130	24
6131	25
6132	29
6133	38
6134	41
6135	42
6136	40
6137	37
6138	48
6139	50
6140	44
6141	45
6142	29
6143	37
6144	34
6145	48
6146	48
6147	37
6148	44
6149	44
6150	46
6151	30
6152	27
6153	40
6154	40
6155	61
6156	51
6157	57
6158	52
6159	49
6160	55
6161	45
6162	52
6163	40
6164	55
6165	48
6166	36
6167	38
6168	43
6169	38
6170	47
6171	56
6172	42
6173	48
6174	57
6175	51
6176	54
6177	48
6178	39
6179	37
6180	50
6181	69
6182	44
6183	52
6184	45
6185	40
6186	44
6187	47
6188	46
6189	52
6190	33
6191	43
6192	57
6193	41
6194	54
6195	50
6196	53
6197	54
6198	50
6199	68
6200	55
6201	45
6202	48
6203	57
6204	43
6205	51
6206	59
6207	54
6208	56
6209	70
6210	39
6211	43
6212	45
6213	55
6214	62
6215	49
6216	53
6217	61
6218	54
6219	62
6220	57
6221	55
6222	45
6223	53
6224	53
6225	49
6226	59
6227	54
6228	58
6229	53
6230	56
6231	64
6232	68
6233	57
6234	53
6235	48
6236	52
6237	48
6238	41
6239	52
6240	53
6241	54
6242	56
6243	62
6244	68
6245	53
6246	53
6247	62
6248	61
6249	62
6250	58
6251	42
6252	58
6253	51
6254	52
6255	56
6256	55
6257	53
6258	50
6259	68
6260	50
6261	57
6262	64
6263	55
6264	43
6265	57
6266	47
6267	62
6268	57
6269	58
6270	61
6271	71
6272	67
6273	65
6274	57
6275	47
6276	47
6277	47
6278	60
6279	55
6280	48
6281	41
6282	61
6283	60
6284	75
6285	49
6286	62
6287	71
6288	66
6289	59
6290	47
6291	59
6292	52
6293	51
6294	43
6295	60
6296	49
6297	55
6298	42
6299	61
6300	50
6301	36
6302	52
6303	58
6304	57
6305	48
6306	53
6307	51
6308	42
6309	62
6310	51
6311	54
6312	52
6313	58
6314	61
6315	68
6316	57
6317	46
6318	48
6319	53
6320	47
6321	52
6322	59
6323	62
6324	57
6325	56
6326	47
6327	55
6328	47
6329	53
6330	52
6331	59
6332	48
6333	65
6334	43
6335	44
6336	63
6337	54
6338	50
6339	65
6340	58
6341	60
6342	54
6343	62
6344	48
6345	50
6346	40
6347	57
6348	56
6349	61
6350	50
6351	56
6352	45
6353	35
6354	46
6355	33
6356	64
6357	60
6358	39
6359	36
6360	43
6361	54
6362	49
6363	40
6364	51
6365	49
6366	46
6367	45
6368	49
6369	43
6370	48
6371	49
6372	33
6373	45
6374	40
6375	49
6376	48
6377	44
6378	50
6379	42
6380	53
6381	49
6382	42
6383	34
6384	50
6385	40
6386	44
6387	42
6388	39
6389	43
6390	43
6391	42
6392	48
6393	38
6394	37
6395	42
6396	44
6397	47
6398	35
6399	38
6400	52
6401	31
6402	45
6403	36
6404	37
6405	36
6406	38
6407	46
6408	43
6409	34
6410	36
6411	45
6412	45
6413	34
6414	40
6415	47
6416	36
6417	50
6418	32
6419	37
6420	35
6421	41
6422	29
6423	31
6424	28
6425	35
6426	40
6427	20
6428	35
6429	34
6430	27
6431	36
6432	40
6433	36
6434	31
6435	30
6436	37
6437	41
6438	25
6439	22
6440	41
6441	48
6442	21
6443	36
6444	20
6445	27
6446	31
6447	34
6448	35
6449	21
6450	27
6451	35
6452	26
6453	27
6454	27
6455	31
6456	33
6457	30
6458	26
6459	22
6460	26
6461	30
6462	30
6463	29
6464	27
6465	30
6466	37
6467	27
6468	18
6469	27
6470	30
6471	27
6472	22
6473	25
6474	31
6475	25
6476	26
6477	17
6478	25
6479	20
6480	18
6481	24
6482	24
6483	19
6484	22
6485	31
6486	21
6487	26
6488	19
6489	23
6490	19
6491	9
6492	24
6493	22
6494	25
6495	24
6496	26
6497	22
6498	16
6499	12
6500	15
6501	26
6502	15
6503	18
6504	19
6505	15
6506	19
6507	26
6508	15
6509	25
6510	16
6511	28
6512	8
6513	15
6514	22
6515	22
6516	12
6517	18
6518	16
6519	12
6520	17
6521	16
6522	21
6523	25
6524	21
6525	15
6526	24
6527	24
6528	16
6529	15
6530	20
6531	19
6532	16
6533	15
6534	17
6535	20
6536	16
6537	16
6538	15
6539	22
6540	23
6541	11
6542	20
6543	11
6544	15
6545	9
6546	20
6547	15
6548	13
6549	19
6550	17
6551	9
6552	11
6553	12
6554	17
6555	19
6556	11
6557	9
6558	16
6559	14
6560	11
6561	10
6562	13
6563	4
6564	9
6565	14
6566	13
6567	11
6568	5
6569	12
6570	17
6571	9
6572	13
6573	15
6574	12
6575	9
6576	14
6577	9
6578	3
6579	10
6580	12
6581	14
6582	17
6583	10
6584	5
6585	12
6586	9
6587	6
6588	8
6589	9
6590	13
6591	12
6592	8
6593	9
6594	8
6595	14
6596	5
6597	6
6598	9
6599	7
6600	8
6601	6
6602	12
6603	8
6604	7
6605	12
6606	11
6607	9
6608	5
6609	8
6610	14
6611	8
6612	12
6613	11
6614	3
6615	8
6616	10
6617	4
6618	6
6619	14
6620	12
6621	6
6622	2
6623	8
6624	7
6625	8
6626	6
6627	6
6628	5
6629	5
6630	10
6631	8
6632	5
6633	8
6634	16
6635	7
6636	8
6637	6
6638	6
6639	12
6640	7
6641	5
6642	3
6643	7
6644	3
6645	7
6646	6
6647	5
6648	7
6649	7
6650	1
6651	5
6652	4
6653	10
6654	4
6655	8
6656	12
6657	12
6658	5
6659	6
6660	8
6661	5
6662	4
6663	8
6664	6
6665	12
6666	6
6667	7
6668	2
6669	9
6670	8
6671	6
6672	11
6673	10
6674	8
6675	8
6676	8
6677	4
6678	7
6679	5
6680	10
6681	5
6682	5
6683	9
6684	5
6685	7
6686	3
6687	5
6688	9
6689	10
6690	5
6691	5
6692	5
6693	8
6694	8
6695	9
6696	9
6697	9
6698	7
6699	3
6700	9
6701	6
6702	5
6703	10
6704	11
6705	9
6706	5
6707	9
6708	3
6709	5
6710	8
6711	6
6712	4
6713	3
6714	4
6715	11
6716	5
6717	2
6718	2
6719	7
6720	10
6721	11
6722	4
6723	4
6724	5
6725	7
6726	7
6727	7
6728	4
6729	9
6730	7
6731	11
6732	13
6733	3
6734	6
6735	13
6736	4
6737	10
6738	6
6739	8
6740	12
6741	5
6742	10
6743	4
6744	5
6745	8
6746	7
6747	11
6748	3
6749	8
6750	8
6751	11
6752	8
6753	6
6754	8
6755	6
6756	9
6757	4
6758	8
6759	8
6760	11
6761	10
6762	8
6763	9
6764	7
6765	7
6766	8
6767	9
6768	10
6769	12
6770	7
6771	3
6772	11
6773	7
6774	11
6775	4
6776	7
6777	9
6778	8
6779	11
6780	7
6781	7
6782	5
6783	4
6784	10
6785	9
6786	13
6787	15
6788	7
6789	11
6790	10
6791	10
6792	12
6793	13
6794	10
6795	13
6796	10
6797	13
6798	11
6799	8
6800	10
6801	13
6802	17
6803	12
6804	8
6805	8
6806	7
6807	15
6808	9
6809	15
6810	15
6811	7
6812	9
6813	10
6814	7
6815	10
6816	14
6817	11
6818	14
6819	10
6820	13
6821	12
6822	12
6823	12
6824	12
6825	9
6826	20
6827	13
6828	13
6829	16
6830	7
6831	15
6832	11
6833	10
6834	16
6835	12
6836	9
6837	7
6838	15
6839	13
6840	12
6841	18
6842	16
6843	13
6844	10
6845	11
6846	11
6847	13
6848	13
6849	16
6850	23
6851	14
6852	19
6853	15
6854	23
6855	13
6856	8
6857	19
6858	13
6859	17
6860	18
6861	14
6862	20
6863	18
6864	12
6865	13
6866	20
6867	19
6868	16
6869	18
6870	24
6871	21
6872	15
6873	10
6874	20
6875	20
6876	19
6877	14
6878	13
6879	24
6880	19
6881	14
6882	12
6883	19
6884	15
6885	18
6886	21
6887	15
6888	16
6889	23
6890	16
6891	16
6892	20
6893	11
6894	18
6895	21
6896	31
6897	20
6898	24
6899	17
6900	22
6901	21
6902	18
6903	25
6904	21
6905	22
6906	25
6907	18
6908	21
6909	26
6910	14
6911	13
6912	25
6913	24
6914	22
6915	13
6916	17
6917	24
6918	24
6919	20
6920	25
6921	23
6922	26
6923	16
6924	31
6925	24
6926	21
6927	25
6928	24
6929	31
6930	27
6931	25
6932	24
6933	17
6934	25
6935	29
6936	37
6937	22
6938	20
6939	22
6940	24
6941	22
6942	26
6943	32
6944	27
6945	27
6946	34
6947	22
6948	24
6949	26
6950	23
6951	25
6952	34
6953	32
6954	27
6955	28
6956	24
6957	32
6958	37
6959	27
6960	23
6961	40
6962	33
6963	24
6964	24
6965	32
6966	27
6967	35
6968	31
6969	50
6970	37
6971	31
6972	38
6973	30
6974	23
6975	20
6976	25
6977	33
6978	34
6979	30
6980	38
6981	39
6982	25
6983	41
6984	42
6985	31
6986	35
6987	39
6988	30
6989	32
6990	43
6991	34
6992	43
6993	32
6994	40
6995	32
6996	32
6997	27
6998	28
6999	45
7000	33
7001	34
7002	40
7003	27
7004	32
7005	32
7006	46
7007	36
7008	24
7009	22
7010	37
7011	33
7012	31
7013	30
7014	31
7015	29
7016	28
7017	37
7018	32
7019	28
7020	58
7021	32
7022	24
7023	31
7024	33
7025	41
7026	32
7027	48
7028	34
7029	40
7030	41
7031	40
7032	32
7033	35
7034	42
7035	36
7036	38
7037	37
7038	32
7039	35
7040	23
7041	38
7042	39
7043	37
7044	34
7045	41
7046	31
7047	30
7048	39
7049	44
7050	36
7051	35
7052	39
7053	34
7054	39
7055	43
7056	42
7057	30
7058	42
7059	45
7060	45
7061	35
7062	31
7063	52
7064	33
7065	27
7066	45
7067	30
7068	43
7069	39
7070	42
7071	38
7072	44
7073	43
7074	37
7075	39
7076	46
7077	49
7078	42
7079	46
7080	41
7081	45
7082	37
7083	36
7084	34
7085	50
7086	38
7087	46
7088	51
7089	43
7090	44
7091	30
7092	42
7093	34
7094	37
7095	34
7096	40
7097	36
7098	35
7099	45
7100	35
7101	37
7102	37
7103	38
7104	36
7105	41
7106	47
7107	38
7108	37
7109	38
7110	58
7111	37
7112	52
7113	47
7114	36
7115	46
7116	43
7117	46
7118	37
7119	34
7120	48
7121	37
7122	42
7123	41
7124	33
7125	31
7126	41
7127	36
7128	34
7129	42
7130	38
7131	34
7132	42
7133	27
7134	42
7135	40
7136	48
7137	46
7138	47
7139	30
7140	37
7141	43
7142	47
7143	53
7144	37
7145	32
7146	43
7147	41
7148	48
7149	38
7150	52
7151	40
7152	35
7153	38
7154	27
7155	52
7156	51
7157	38
7158	45
7159	32
7160	43
7161	38
7162	28
7163	35
7164	35
7165	31
7166	46
7167	27
7168	37
7169	36
7170	35
7171	33
7172	41
7173	29
7174	28
7175	46
7176	37
7177	29
7178	41
7179	29
7180	39
7181	32
7182	33
7183	30
7184	35
7185	41
7186	28
7187	33
7188	43
7189	41
7190	41
7191	34
7192	38
7193	25
7194	34
7195	31
7196	41
7197	47
7198	25
7199	42
7200	38
7201	35
7202	39
7203	40
7204	43
7205	27
7206	37
7207	31
7208	36
7209	39
7210	33
7211	31
7212	24
7213	42
7214	24
7215	26
7216	32
7217	29
7218	23
7219	32
7220	30
7221	41
7222	32
7223	30
7224	25
7225	38
7226	37
7227	32
7228	27
7229	29
7230	32
7231	29
7232	33
7233	26
7234	31
7235	41
7236	35
7237	22
7238	21
7239	34
7240	45
7241	25
7242	34
7243	39
7244	35
7245	31
7246	32
7247	39
7248	29
7249	23
7250	31
7251	25
7252	36
7253	36
7254	27
7255	26
7256	14
7257	26
7258	34
7259	33
7260	15
7261	21
7262	27
7263	30
7264	20
7265	29
7266	30
7267	28
7268	26
7269	30
7270	22
7271	21
7272	24
7273	33
7274	23
7275	17
7276	12
7277	34
7278	16
7279	22
7280	20
7281	21
7282	25
7283	18
7284	19
7285	30
7286	22
7287	27
7288	28
7289	15
7290	21
7291	20
7292	21
7293	24
7294	21
7295	24
7296	17
7297	21
7298	27
7299	17
7300	24
7301	27
7302	17
7303	24
7304	17
7305	18
7306	20
7307	19
7308	11
7309	19
7310	21
7311	20
7312	19
7313	13
7314	14
7315	15
7316	19
7317	17
7318	17
7319	22
7320	15
7321	17
7322	18
7323	14
7324	21
7325	17
7326	21
7327	15
7328	17
7329	12
7330	16
7331	16
7332	19
7333	19
7334	10
7335	13
7336	20
7337	12
7338	8
7339	19
7340	11
7341	15
7342	9
7343	10
7344	20
7345	18
7346	17
7347	16
7348	15
7349	20
7350	13
7351	13
7352	13
7353	14
7354	13
7355	13
7356	14
7357	16
7358	10
7359	23
7360	11
7361	16
7362	17
7363	12
7364	10
7365	15
7366	12
7367	9
7368	13
7369	12
7370	10
7371	10
7372	12
7373	7
7374	5
7375	13
7376	11
7377	5
7378	10
7379	13
7380	12
7381	13
7382	8
7383	7
7384	7
7385	12
7386	13
7387	9
7388	6
7389	14
7390	10
7391	10
7392	10
7393	4
7394	10
7395	8
7396	15
7397	14
7398	11
7399	7
7400	8
7401	9
7402	7
7403	7
7404	3
7405	8
7406	9
7407	12
7408	7
7409	9
7410	9
7411	6
7412	6
7413	5
7414	3
7415	7
7416	8
7417	5
7418	3
7419	5
7420	7
7421	9
7422	8
7423	8
7424	6
7425	6
7426	4
7427	6
7428	6
7429	8
7430	6
7431	2
7432	3
7433	7
7434	2
7435	3
7436	2
7437	10
7438	4
7439	5
7440	5
7441	4
7442	4
7443	4
7444	4
7445	5
7446	6
7447	4
7448	7
7449	6
7450	5
7451	6
7452	7
7453	2
7454	4
7455	2
7456	3
7457	6
7458	9
7459	3
7460	4
7461	3
7462	4
7463	4
7464	5
7465	3
7466	1
7467	0
7468	5
7469	5
7470	4
7471	3
7472	4
7473	2
7474	6
7475	6
7476	8
7477	3
7478	8
7479	3
7480	6
7481	3
7482	5
7483	6
7484	4
7485	1
7486	7
7487	1
7488	4
7489	3
7490	5
7491	0
7492	1
7493	1
7494	1
7495	3
7496	1
7497	5
7498	3
7499	3
7500	2
7501	1
7502	2
7503	1
7504	4
7505	1
7506	2
7507	2
7508	0
7509	1
7510	3
7511	0
7512	4
7513	1
7514	7
7515	2
7516	2
7517	4
7518	5
7519	2
7520	2
7521	4
7522	3
7523	2
7524	1
7525	1
7526	4
7527	2
7528	3
7529	5
7530	1
7531	5
7532	2
7533	2
7534	1
7535	1
7536	1
7537	2
7538	5
7539	1
7540	2
7541	3
7542	1
7543	6
7544	1
7545	1
7546	1
7547	2
7548	2
7549	2
7550	2
7551	2
7552	3
7553	1
7554	3
7555	1
7556	2
7557	2
7558	1
7559	3
7560	1
7561	1
7562	2
7563	1
7564	1
7565	4
7566	1
7567	4
7568	1
7569	0
7570	2
7571	1
7572	3
7573	1
7574	1
7575	1
7576	3
7577	1
7578	1
7579	0
7580	3
7581	1
7582	0
7583	0
7584	0
7585	4
7586	2
7587	2
7588	0
7589	1
7590	1
7591	1
7592	0
7593	2
7594	3
7595	2
7596	3
7597	0
7598	0
7599	5
7600	3
7601	4
7602	1
7603	3
7604	2
7605	0
7606	1
7607	2
7608	1
7609	2
7610	0
7611	1
7612	1
7613	1
7614	1
7615	0
7616	1
7617	1
7618	1
7619	3
7620	2
7621	1
7622	1
7623	6
7624	0
7625	0
7626	0
7627	4
7628	1
7629	2
7630	2
7631	2
7632	0
7633	2
7634	1
7635	0
7636	2
7637	1
7638	3
7639	2
7640	3
7641	0
7642	0
7643	1
7644	3
7645	0
7646	2
7647	2
7648	1
7649	0
7650	1
7651	2
7652	2
7653	2
7654	1
7655	2
7656	0
7657	2
7658	0
7659	0
7660	1
7661	2
7662	2
7663	2
7664	0
7665	1
7666	0
7667	0
7668	1
7669	2
7670	0
7671	2
7672	0
7673	0
7674	0
7675	1
7676	0
7677	4
7678	2
7679	2
7680	2
7681	2
7682	0
7683	2
7684	1
7685	3
7686	2
7687	1
7688	1
7689	1
7690	1
7691	3
7692	2
7693	4
7694	2
7695	1
7696	0
7697	3
7698	1
7699	4
7700	1
7701	6
7702	2
7703	0
7704	0
7705	2
7706	3
7707	1
7708	1
7709	1
7710	3
7711	1
7712	0
7713	2
7714	1
7715	1
7716	3
7717	4
7718	4
7719	2
7720	3
7721	1
7722	2
7723	4
7724	1
7725	0
7726	2
7727	1
7728	1
7729	1
7730	2
7731	0
7732	1
7733	2
7734	1
7735	1
7736	3
7737	0
7738	1
7739	1
7740	5
7741	0
7742	2
7743	4
7744	0
7745	3
7746	2
7747	0
7748	0
7749	0
7750	2
7751	0
7752	0
7753	1
7754	0
7755	2
7756	0
7757	3
7758	1
7759	1
7760	0
7761	1
7762	0
7763	3
7764	0
7765	3
7766	1
7767	0
7768	1
7769	0
7770	2
7771	1
7772	4
7773	1
7774	2
7775	0
7776	1
7777	2
7778	1
7779	1
7780	1
7781	0
7782	3
7783	2
7784	1
7785	1
7786	3
7787	2
7788	2
7789	1
7790	0
7791	0
7792	0
7793	0
7794	1
7795	2
7796	0
7797	2
7798	0
7799	1
7800	0
7801	1
7802	2
7803	2
7804	0
7805	0
7806	2
7807	0
7808	3
7809	0
7810	0
7811	1
7812	0
7813	2
7814	1
7815	0
7816	3
7817	2
7818	1
7819	0
7820	0
7821	1
7822	1
7823	0
7824	1
7825	0
7826	1
7827	3
7828	0
7829	2
7830	3
7831	0
7832	4
7833	2
7834	3
7835	0
7836	0
7837	2
7838	0
7839	1
7840	0
7841	0
7842	1
7843	1
7844	1
7845	1
7846	2
7847	2
7848	1
7849	1
7850	5
7851	3
7852	0
7853	0
7854	0
7855	1
7856	0
7857	1
7858	1
7859	0
7860	1
7861	3
7862	3
7863	1
7864	0
7865	1
7866	3
7867	2
7868	0
7869	0
7870	0
7871	0
7872	0
7873	1
7874	1
7875	1
7876	0
7877	2
7878	0
7879	3
7880	1
7881	0
7882	2
7883	1
7884	1
7885	0
7886	1
7887	1
7888	1
7889	0
7890	2
7891	1
7892	0
7893	0
7894	0
7895	1
7896	1
7897	1
7898	1
7899	0
7900	1
7901	0
7902	0
7903	1
7904	1
7905	0
7906	1
7907	1
7908	0
7909	1
7910	0
7911	1
7912	2
7913	2
7914	0
7915	0
7916	1
7917	2
7918	0
7919	0
7920	0
7921	0
7922	1
7923	3
7924	1
7925	0
7926	0
7927	0
7928	1
7929	1
7930	0
7931	0
7932	0
7933	1
7934	0
7935	1
7936	1
7937	0
7938	2
7939	0
7940	0
7941	1
7942	1
7943	3
7944	0
7945	0
7946	0
7947	0
7948	2
7949	0
7950	0
7951	0
7952	0
7953	1
7954	0
7955	0
7956	0
7957	1
7958	0
7959	1
7960	0
7961	1
7962	1
7963	0
7964	1
7965	1
7966	1
7967	0
7968	1
7969	1
7970	4
7971	1
7972	0
7973	1
7974	0
7975	0
7976	0
7977	0
7978	2
7979	0
7980	1
7981	3
7982	0
7983	1
7984	0
7985	0
7986	1
7987	0
7988	0
7989	0
7990	0
7991	1
7992	0
7993	0
7994	0
7995	1
7996	1
7997	0
7998	0
7999	1
8000	1
8001	0
8002	1
8003	1
8004	1
8005	3
8006	0
8007	1
8008	1
8009	1
8010	0
8011	2
8012	0
8013	0
8014	0
8015	0
8016	1
8017	0
8018	1
8019	0
8020	0
8021	1
8022	1
8023	1
8024	0
8025	1
8026	0
8027	1
8028	0
8029	1
8030	0
8031	1
8032	2
8033	1
8034	0
8035	1
8036	1
8037	0
8038	0
8039	3
8040	0
8041	0
8042	1
8043	1
8044	0
8045	0
8046	0
8047	0
8048	3
8049	0
8050	1
8051	0
8052	0
8053	0
8054	1
8055	3
8056	0
8057	0
8058	1
8059	2
8060	2
8061	0
8062	2
8063	2
8064	2
8065	0
8066	1
8067	0
8068	1
8069	1
8070	0
8071	1
8072	2
8073	2
8074	1
8075	1
8076	0
8077	0
8078	0
8079	0
8080	1
8081	1
8082	0
8083	0
8084	1
8085	0
8086	1
8087	0
8088	1
8089	1
8090	0
8091	0
8092	1
8093	0
8094	0
8095	1
8096	0
8097	0
8098	0
8099	0
8100	0
8101	0
8102	0
8103	0
8104	0
8105	0
8106	0
8107	0
8108	0
8109	0
8110	0
8111	0
8112	0
8113	0
8114	0
8115	0
8116	0
8117	0
8118	0
8119	0
8120	0
8121	0
8122	0
8123	0
8124	0
8125	0
8126	0
8127	0
8128	0
8129	0
8130	0
8131	0
8132	0
8133	0
8134	0
8135	0
8136	0
8137	0
8138	0
8139	0
8140	0
8141	0
8142	0
8143	0
8144	0
8145	0
8146	0
8147	0
8148	0
8149	0
8150	0
8151	0
8152	0
8153	0
8154	0
8155	0
8156	0
8157	0
8158	0
8159	0
8160	0
8161	0
8162	0
8163	0
8164	0
8165	0
8166	0
8167	0
8168	0
8169	0
8170	0
8171	0
8172	0
8173	0
8174	0
8175	0
8176	0
8177	0
8178	0
8179	0
8180	0
8181	0
8182	0
8183	0
8184	0
8185	0
8186	0
8187	0
8188	0
8189	0
8190	0
8191	0
