0	0
1	0
2	0
3	0
4	0
5	0
6	0
7	0
8	0
9	0
10	0
11	0
12	0
13	0
14	0
15	0
16	0
17	0
18	0
19	0
20	0
21	0
22	0
23	0
24	0
25	0
26	0
27	0
28	0
29	0
30	0
31	0
32	0
33	0
34	0
35	0
36	0
37	0
38	0
39	0
40	0
41	0
42	0
43	0
44	0
45	0
46	0
47	0
48	0
49	0
50	0
51	0
52	0
53	0
54	0
55	0
56	0
57	0
58	0
59	0
60	0
61	0
62	0
63	0
64	0
65	0
66	0
67	0
68	0
69	0
70	0
71	0
72	0
73	0
74	0
75	0
76	0
77	0
78	0
79	0
80	0
81	0
82	0
83	0
84	0
85	0
86	0
87	0
88	0
89	0
90	0
91	0
92	0
93	0
94	0
95	0
96	0
97	0
98	0
99	0
100	0
101	0
102	0
103	0
104	0
105	0
106	1
107	0
108	0
109	0
110	0
111	0
112	0
113	0
114	0
115	1
116	0
117	0
118	0
119	0
120	0
121	0
122	1
123	1
124	0
125	0
126	0
127	2
128	4
129	5
130	12
131	17
132	17
133	70
134	132
135	173
136	195
137	222
138	210
139	194
140	246
141	236
142	206
143	218
144	237
145	209
146	227
147	246
148	241
149	222
150	255
151	240
152	258
153	301
154	278
155	303
156	286
157	285
158	290
159	305
160	341
161	324
162	329
163	334
164	332
165	387
166	371
167	397
168	380
169	407
170	409
171	447
172	445
173	473
174	454
175	485
176	493
177	547
178	564
179	560
180	593
181	657
182	682
183	620
184	722
185	801
186	738
187	825
188	824
189	803
190	875
191	1024
192	966
193	1039
194	1098
195	1156
196	1203
197	1234
198	1339
199	1288
200	1391
201	1476
202	1555
203	1560
204	1629
205	1738
206	1754
207	1793
208	1867
209	1992
210	2023
211	2095
212	2045
213	2081
214	2174
215	2259
216	2232
217	2213
218	2307
219	2296
220	2317
221	2175
222	2231
223	2419
224	2248
225	2226
226	2285
227	2232
228	2169
229	2139
230	2137
231	2121
232	2085
233	2024
234	1952
235	1874
236	1939
237	1820
238	1770
239	1788
240	1721
241	1674
242	1623
243	1495
244	1528
245	1422
246	1415
247	1387
248	1312
249	1372
250	1306
251	1265
252	1254
253	1170
254	1134
255	1093
256	1024
257	1024
258	1003
259	966
260	982
261	905
262	911
263	863
264	827
265	840
266	756
267	740
268	768
269	741
270	677
271	671
272	606
273	621
274	627
275	558
276	551
277	556
278	551
279	508
280	507
281	449
282	461
283	468
284	434
285	422
286	366
287	365
288	382
289	325
290	340
291	358
292	339
293	330
294	306
295	284
296	270
297	261
298	272
299	248
300	241
301	265
302	264
303	245
304	250
305	223
306	279
307	243
308	217
309	238
310	254
311	255
312	248
313	210
314	231
315	213
316	240
317	237
318	213
319	228
320	220
321	253
322	223
323	222
324	227
325	227
326	227
327	249
328	208
329	227
330	249
331	227
332	251
333	227
334	224
335	249
336	225
337	253
338	215
339	262
340	235
341	244
342	239
343	247
344	270
345	233
346	253
347	250
348	262
349	218
350	267
351	254
352	244
353	262
354	219
355	241
356	247
357	283
358	261
359	271
360	306
361	261
362	274
363	248
364	260
365	279
366	268
367	273
368	266
369	248
370	233
371	263
372	281
373	252
374	276
375	294
376	299
377	267
378	252
379	279
380	288
381	303
382	291
383	249
384	257
385	314
386	321
387	305
388	315
389	304
390	305
391	294
392	334
393	322
394	329
395	346
396	320
397	357
398	341
399	340
400	337
401	354
402	337
403	344
404	355
405	363
406	359
407	313
408	371
409	369
410	398
411	384
412	364
413	359
414	394
415	379
416	400
417	377
418	373
419	408
420	395
421	392
422	388
423	397
424	433
425	371
426	362
427	354
428	418
429	373
430	366
431	418
432	400
433	421
434	389
435	399
436	420
437	415
438	398
439	398
440	427
441	403
442	409
443	402
444	406
445	430
446	381
447	428
448	402
449	426
450	430
451	399
452	420
453	419
454	410
455	438
456	400
457	417
458	436
459	448
460	411
461	434
462	391
463	425
464	369
465	377
466	379
467	442
468	427
469	418
470	391
471	371
472	426
473	436
474	406
475	404
476	422
477	464
478	422
479	436
480	409
481	422
482	420
483	442
484	443
485	461
486	438
487	445
488	411
489	453
490	438
491	423
492	424
493	436
494	438
495	457
496	429
497	440
498	425
499	418
500	412
501	443
502	445
503	487
504	421
505	391
506	458
507	428
508	415
509	425
510	449
511	422
512	469
513	473
514	424
515	459
516	494
517	429
518	446
519	437
520	455
521	484
522	395
523	426
524	444
525	417
526	416
527	458
528	438
529	447
530	419
531	398
532	398
533	388
534	400
535	443
536	431
537	422
538	372
539	392
540	417
541	430
542	401
543	409
544	411
545	400
546	403
547	376
548	390
549	372
550	396
551	386
552	393
553	414
554	378
555	396
556	417
557	400
558	375
559	430
560	380
561	418
562	403
563	366
564	395
565	390
566	369
567	378
568	364
569	380
570	381
571	371
572	413
573	377
574	355
575	419
576	361
577	370
578	396
579	408
580	402
581	407
582	379
583	366
584	363
585	369
586	362
587	421
588	414
589	401
590	406
591	381
592	408
593	408
594	427
595	423
596	375
597	365
598	385
599	416
600	408
601	385
602	392
603	469
604	404
605	399
606	457
607	396
608	426
609	441
610	422
611	431
612	451
613	460
614	457
615	462
616	448
617	440
618	478
619	483
620	498
621	467
622	483
623	474
624	475
625	484
626	520
627	501
628	503
629	565
630	584
631	530
632	570
633	603
634	557
635	574
636	584
637	530
638	606
639	602
640	593
641	633
642	627
643	674
644	632
645	673
646	684
647	701
648	735
649	719
650	771
651	757
652	795
653	762
654	814
655	766
656	764
657	838
658	839
659	822
660	892
661	881
662	899
663	943
664	898
665	930
666	895
667	942
668	946
669	975
670	1025
671	968
672	1007
673	977
674	1016
675	1021
676	1052
677	975
678	1123
679	1045
680	1029
681	1073
682	1110
683	1129
684	1078
685	1189
686	1084
687	1038
688	1124
689	1145
690	1079
691	1119
692	1075
693	1128
694	1193
695	1130
696	1056
697	1157
698	1119
699	1127
700	1091
701	1116
702	1051
703	1059
704	1080
705	1030
706	1049
707	1117
708	1022
709	896
710	1021
711	951
712	985
713	905
714	961
715	926
716	865
717	939
718	955
719	864
720	844
721	781
722	845
723	876
724	792
725	751
726	720
727	710
728	757
729	720
730	716
731	656
732	719
733	622
734	659
735	647
736	606
737	561
738	570
739	571
740	558
741	544
742	511
743	456
744	493
745	488
746	453
747	445
748	470
749	449
750	395
751	464
752	382
753	412
754	358
755	407
756	388
757	343
758	355
759	377
760	353
761	320
762	329
763	328
764	312
765	302
766	350
767	312
768	353
769	294
770	291
771	287
772	285
773	295
774	313
775	246
776	281
777	301
778	261
779	249
780	262
781	234
782	249
783	250
784	250
785	264
786	271
787	262
788	266
789	255
790	240
791	247
792	248
793	255
794	225
795	228
796	227
797	269
798	225
799	212
800	239
801	232
802	207
803	255
804	207
805	232
806	222
807	221
808	232
809	249
810	248
811	221
812	223
813	216
814	203
815	256
816	227
817	221
818	211
819	247
820	236
821	225
822	230
823	246
824	221
825	243
826	231
827	228
828	246
829	235
830	241
831	262
832	219
833	223
834	233
835	253
836	225
837	238
838	246
839	238
840	211
841	219
842	233
843	206
844	256
845	246
846	270
847	236
848	262
849	221
850	208
851	232
852	249
853	207
854	242
855	254
856	265
857	253
858	225
859	227
860	237
861	258
862	240
863	243
864	232
865	236
866	220
867	234
868	266
869	216
870	216
871	236
872	235
873	233
874	233
875	234
876	225
877	236
878	224
879	227
880	224
881	219
882	236
883	204
884	229
885	210
886	222
887	218
888	213
889	223
890	230
891	224
892	243
893	209
894	215
895	215
896	214
897	231
898	217
899	225
900	228
901	186
902	188
903	213
904	215
905	236
906	218
907	212
908	209
909	220
910	245
911	244
912	224
913	198
914	244
915	216
916	216
917	217
918	210
919	195
920	195
921	227
922	213
923	250
924	225
925	205
926	221
927	211
928	210
929	208
930	227
931	205
932	217
933	214
934	228
935	194
936	209
937	216
938	209
939	213
940	220
941	205
942	244
943	236
944	233
945	193
946	219
947	203
948	197
949	184
950	210
951	236
952	211
953	226
954	193
955	187
956	220
957	209
958	210
959	220
960	243
961	220
962	206
963	236
964	197
965	224
966	211
967	231
968	229
969	217
970	214
971	215
972	232
973	210
974	201
975	205
976	198
977	200
978	202
979	209
980	210
981	205
982	195
983	212
984	220
985	224
986	192
987	213
988	207
989	202
990	210
991	211
992	196
993	222
994	201
995	184
996	185
997	196
998	189
999	185
1000	195
1001	194
1002	235
1003	194
1004	202
1005	209
1006	167
1007	214
1008	201
1009	220
1010	209
1011	193
1012	184
1013	186
1014	180
1015	214
1016	214
1017	211
1018	183
1019	213
1020	161
1021	188
1022	205
1023	216
1024	210
1025	199
1026	176
1027	204
1028	208
1029	208
1030	191
1031	216
1032	157
1033	182
1034	171
1035	203
1036	205
1037	195
1038	192
1039	180
1040	208
1041	199
1042	193
1043	199
1044	182
1045	203
1046	192
1047	186
1048	198
1049	181
1050	181
1051	206
1052	184
1053	151
1054	175
1055	191
1056	200
1057	179
1058	182
1059	210
1060	191
1061	192
1062	174
1063	175
1064	171
1065	181
1066	160
1067	182
1068	176
1069	182
1070	172
1071	170
1072	211
1073	198
1074	194
1075	186
1076	161
1077	183
1078	180
1079	176
1080	187
1081	169
1082	168
1083	185
1084	153
1085	223
1086	181
1087	187
1088	140
1089	200
1090	178
1091	193
1092	181
1093	177
1094	182
1095	192
1096	186
1097	193
1098	172
1099	187
1100	181
1101	184
1102	160
1103	167
1104	201
1105	199
1106	192
1107	174
1108	183
1109	185
1110	172
1111	191
1112	170
1113	168
1114	189
1115	176
1116	188
1117	199
1118	186
1119	167
1120	191
1121	171
1122	172
1123	177
1124	168
1125	188
1126	161
1127	174
1128	161
1129	181
1130	188
1131	178
1132	195
1133	186
1134	180
1135	166
1136	170
1137	185
1138	181
1139	200
1140	193
1141	187
1142	164
1143	154
1144	178
1145	197
1146	190
1147	183
1148	186
1149	180
1150	186
1151	182
1152	169
1153	203
1154	190
1155	187
1156	185
1157	201
1158	169
1159	173
1160	181
1161	185
1162	181
1163	191
1164	192
1165	186
1166	198
1167	189
1168	174
1169	198
1170	179
1171	149
1172	184
1173	191
1174	157
1175	195
1176	193
1177	178
1178	195
1179	167
1180	169
1181	178
1182	166
1183	179
1184	183
1185	182
1186	199
1187	202
1188	171
1189	158
1190	189
1191	175
1192	196
1193	176
1194	196
1195	177
1196	159
1197	160
1198	171
1199	168
1200	160
1201	161
1202	175
1203	190
1204	186
1205	167
1206	177
1207	206
1208	160
1209	170
1210	171
1211	182
1212	154
1213	170
1214	170
1215	175
1216	180
1217	199
1218	189
1219	196
1220	178
1221	187
1222	168
1223	151
1224	204
1225	186
1226	162
1227	169
1228	185
1229	194
1230	159
1231	194
1232	176
1233	168
1234	199
1235	193
1236	157
1237	197
1238	195
1239	187
1240	157
1241	187
1242	181
1243	170
1244	184
1245	183
1246	176
1247	173
1248	182
1249	165
1250	176
1251	197
1252	180
1253	183
1254	171
1255	161
1256	178
1257	183
1258	166
1259	189
1260	183
1261	188
1262	210
1263	193
1264	177
1265	182
1266	183
1267	188
1268	161
1269	173
1270	192
1271	156
1272	182
1273	184
1274	192
1275	186
1276	170
1277	210
1278	203
1279	207
1280	193
1281	201
1282	182
1283	198
1284	193
1285	181
1286	207
1287	168
1288	211
1289	205
1290	205
1291	193
1292	202
1293	198
1294	205
1295	217
1296	198
1297	205
1298	201
1299	199
1300	250
1301	231
1302	183
1303	211
1304	202
1305	224
1306	183
1307	221
1308	215
1309	192
1310	207
1311	204
1312	208
1313	217
1314	224
1315	202
1316	231
1317	227
1318	241
1319	218
1320	202
1321	236
1322	229
1323	200
1324	248
1325	258
1326	214
1327	244
1328	214
1329	222
1330	222
1331	248
1332	233
1333	222
1334	232
1335	231
1336	233
1337	257
1338	249
1339	245
1340	226
1341	226
1342	233
1343	263
1344	246
1345	233
1346	241
1347	246
1348	232
1349	238
1350	269
1351	248
1352	234
1353	240
1354	265
1355	246
1356	237
1357	242
1358	262
1359	279
1360	219
1361	255
1362	240
1363	222
1364	249
1365	250
1366	220
1367	223
1368	216
1369	225
1370	246
1371	240
1372	227
1373	225
1374	208
1375	249
1376	217
1377	220
1378	249
1379	242
1380	214
1381	217
1382	211
1383	208
1384	235
1385	222
1386	223
1387	218
1388	210
1389	207
1390	224
1391	210
1392	198
1393	231
1394	230
1395	241
1396	234
1397	212
1398	174
1399	191
1400	212
1401	209
1402	200
1403	176
1404	208
1405	208
1406	206
1407	193
1408	191
1409	201
1410	198
1411	190
1412	205
1413	220
1414	182
1415	191
1416	215
1417	183
1418	160
1419	199
1420	178
1421	190
1422	188
1423	199
1424	181
1425	171
1426	177
1427	179
1428	151
1429	201
1430	172
1431	170
1432	194
1433	165
1434	157
1435	168
1436	177
1437	154
1438	190
1439	154
1440	179
1441	151
1442	158
1443	173
1444	183
1445	144
1446	150
1447	156
1448	143
1449	146
1450	139
1451	147
1452	168
1453	143
1454	141
1455	154
1456	153
1457	143
1458	133
1459	137
1460	134
1461	142
1462	149
1463	126
1464	156
1465	142
1466	123
1467	121
1468	144
1469	123
1470	127
1471	129
1472	129
1473	143
1474	120
1475	122
1476	135
1477	119
1478	114
1479	138
1480	144
1481	124
1482	118
1483	139
1484	119
1485	133
1486	128
1487	120
1488	131
1489	99
1490	108
1491	130
1492	121
1493	110
1494	131
1495	126
1496	116
1497	122
1498	118
1499	117
1500	132
1501	117
1502	141
1503	124
1504	120
1505	107
1506	121
1507	105
1508	114
1509	106
1510	92
1511	111
1512	95
1513	130
1514	131
1515	104
1516	115
1517	110
1518	117
1519	100
1520	101
1521	110
1522	117
1523	132
1524	111
1525	101
1526	98
1527	105
1528	121
1529	114
1530	123
1531	90
1532	116
1533	103
1534	116
1535	114
1536	120
1537	120
1538	97
1539	102
1540	128
1541	96
1542	136
1543	120
1544	126
1545	101
1546	123
1547	93
1548	107
1549	102
1550	108
1551	108
1552	114
1553	94
1554	106
1555	107
1556	119
1557	109
1558	105
1559	91
1560	123
1561	104
1562	98
1563	98
1564	112
1565	123
1566	91
1567	108
1568	117
1569	108
1570	94
1571	112
1572	98
1573	109
1574	108
1575	109
1576	97
1577	100
1578	119
1579	91
1580	97
1581	90
1582	103
1583	120
1584	117
1585	100
1586	102
1587	105
1588	99
1589	112
1590	110
1591	93
1592	115
1593	115
1594	115
1595	105
1596	114
1597	111
1598	106
1599	130
1600	105
1601	110
1602	115
1603	101
1604	99
1605	90
1606	104
1607	99
1608	89
1609	102
1610	102
1611	109
1612	101
1613	116
1614	109
1615	97
1616	105
1617	130
1618	126
1619	106
1620	105
1621	103
1622	138
1623	100
1624	96
1625	118
1626	104
1627	106
1628	113
1629	93
1630	94
1631	111
1632	114
1633	109
1634	108
1635	100
1636	101
1637	108
1638	108
1639	102
1640	111
1641	112
1642	103
1643	138
1644	106
1645	117
1646	101
1647	100
1648	105
1649	126
1650	117
1651	88
1652	101
1653	96
1654	106
1655	110
1656	116
1657	130
1658	105
1659	105
1660	107
1661	124
1662	101
1663	109
1664	106
1665	115
1666	116
1667	111
1668	108
1669	106
1670	93
1671	110
1672	101
1673	108
1674	94
1675	97
1676	103
1677	130
1678	105
1679	107
1680	103
1681	116
1682	104
1683	101
1684	101
1685	106
1686	111
1687	108
1688	105
1689	86
1690	107
1691	106
1692	87
1693	85
1694	91
1695	108
1696	104
1697	108
1698	103
1699	108
1700	109
1701	97
1702	105
1703	100
1704	110
1705	105
1706	116
1707	107
1708	99
1709	99
1710	105
1711	108
1712	99
1713	96
1714	94
1715	95
1716	110
1717	98
1718	118
1719	115
1720	99
1721	113
1722	104
1723	105
1724	106
1725	96
1726	119
1727	111
1728	95
1729	98
1730	101
1731	104
1732	96
1733	106
1734	107
1735	99
1736	109
1737	104
1738	106
1739	104
1740	108
1741	109
1742	114
1743	114
1744	116
1745	125
1746	121
1747	108
1748	118
1749	122
1750	118
1751	102
1752	137
1753	124
1754	114
1755	119
1756	125
1757	130
1758	127
1759	125
1760	111
1761	122
1762	122
1763	120
1764	136
1765	111
1766	121
1767	143
1768	127
1769	142
1770	138
1771	158
1772	143
1773	125
1774	136
1775	133
1776	142
1777	156
1778	140
1779	148
1780	150
1781	138
1782	121
1783	136
1784	128
1785	166
1786	165
1787	144
1788	172
1789	138
1790	164
1791	170
1792	161
1793	158
1794	156
1795	139
1796	157
1797	178
1798	168
1799	168
1800	141
1801	173
1802	143
1803	201
1804	159
1805	157
1806	169
1807	186
1808	169
1809	188
1810	190
1811	179
1812	220
1813	169
1814	183
1815	183
1816	169
1817	181
1818	192
1819	199
1820	197
1821	188
1822	193
1823	217
1824	227
1825	222
1826	207
1827	185
1828	208
1829	215
1830	213
1831	217
1832	200
1833	199
1834	239
1835	220
1836	223
1837	215
1838	190
1839	208
1840	207
1841	242
1842	205
1843	235
1844	239
1845	245
1846	254
1847	243
1848	223
1849	231
1850	249
1851	246
1852	217
1853	239
1854	257
1855	262
1856	238
1857	239
1858	269
1859	236
1860	277
1861	255
1862	268
1863	242
1864	242
1865	256
1866	275
1867	266
1868	253
1869	276
1870	253
1871	240
1872	264
1873	257
1874	305
1875	292
1876	275
1877	254
1878	243
1879	268
1880	282
1881	293
1882	288
1883	277
1884	270
1885	324
1886	295
1887	308
1888	305
1889	259
1890	285
1891	250
1892	300
1893	290
1894	281
1895	252
1896	278
1897	275
1898	273
1899	292
1900	271
1901	295
1902	293
1903	271
1904	267
1905	264
1906	248
1907	288
1908	273
1909	294
1910	235
1911	289
1912	285
1913	241
1914	263
1915	293
1916	277
1917	277
1918	268
1919	265
1920	257
1921	283
1922	246
1923	263
1924	260
1925	264
1926	266
1927	257
1928	270
1929	237
1930	269
1931	256
1932	252
1933	283
1934	250
1935	249
1936	260
1937	262
1938	247
1939	240
1940	224
1941	238
1942	225
1943	234
1944	244
1945	239
1946	234
1947	261
1948	215
1949	250
1950	246
1951	257
1952	218
1953	242
1954	241
1955	243
1956	202
1957	223
1958	224
1959	245
1960	220
1961	230
1962	202
1963	243
1964	203
1965	218
1966	195
1967	210
1968	217
1969	219
1970	204
1971	203
1972	196
1973	162
1974	189
1975	215
1976	193
1977	199
1978	203
1979	207
1980	198
1981	187
1982	186
1983	178
1984	174
1985	169
1986	184
1987	176
1988	163
1989	165
1990	159
1991	146
1992	162
1993	166
1994	172
1995	151
1996	171
1997	158
1998	169
1999	167
2000	163
2001	161
2002	144
2003	152
2004	146
2005	163
2006	150
2007	139
2008	130
2009	154
2010	143
2011	136
2012	131
2013	130
2014	138
2015	123
2016	139
2017	115
2018	130
2019	140
2020	120
2021	111
2022	125
2023	123
2024	104
2025	128
2026	134
2027	125
2028	99
2029	106
2030	87
2031	106
2032	119
2033	107
2034	110
2035	99
2036	106
2037	99
2038	89
2039	95
2040	88
2041	106
2042	95
2043	83
2044	103
2045	93
2046	87
2047	94
2048	84
2049	81
2050	99
2051	90
2052	95
2053	83
2054	86
2055	85
2056	88
2057	82
2058	85
2059	72
2060	68
2061	69
2062	84
2063	89
2064	73
2065	95
2066	76
2067	81
2068	81
2069	64
2070	79
2071	79
2072	80
2073	70
2074	78
2075	68
2076	69
2077	71
2078	79
2079	62
2080	66
2081	60
2082	66
2083	75
2084	59
2085	70
2086	62
2087	79
2088	81
2089	61
2090	71
2091	51
2092	52
2093	60
2094	80
2095	75
2096	48
2097	53
2098	63
2099	65
2100	67
2101	59
2102	68
2103	57
2104	68
2105	40
2106	58
2107	52
2108	54
2109	51
2110	74
2111	48
2112	41
2113	58
2114	51
2115	55
2116	66
2117	64
2118	54
2119	60
2120	48
2121	58
2122	62
2123	64
2124	60
2125	62
2126	58
2127	63
2128	48
2129	45
2130	52
2131	53
2132	58
2133	47
2134	50
2135	62
2136	52
2137	48
2138	54
2139	60
2140	57
2141	49
2142	68
2143	60
2144	49
2145	54
2146	45
2147	50
2148	56
2149	49
2150	55
2151	45
2152	57
2153	57
2154	57
2155	52
2156	61
2157	59
2158	58
2159	59
2160	52
2161	65
2162	64
2163	43
2164	54
2165	51
2166	50
2167	57
2168	63
2169	58
2170	60
2171	49
2172	62
2173	51
2174	68
2175	54
2176	60
2177	45
2178	56
2179	61
2180	60
2181	55
2182	51
2183	45
2184	61
2185	61
2186	61
2187	47
2188	47
2189	56
2190	67
2191	49
2192	50
2193	58
2194	59
2195	49
2196	51
2197	57
2198	56
2199	56
2200	62
2201	50
2202	70
2203	55
2204	53
2205	56
2206	38
2207	66
2208	46
2209	53
2210	69
2211	61
2212	48
2213	60
2214	53
2215	69
2216	64
2217	56
2218	56
2219	58
2220	75
2221	53
2222	46
2223	59
2224	63
2225	61
2226	51
2227	58
2228	65
2229	58
2230	46
2231	54
2232	44
2233	68
2234	48
2235	64
2236	42
2237	52
2238	63
2239	53
2240	52
2241	65
2242	47
2243	58
2244	64
2245	61
2246	51
2247	52
2248	68
2249	56
2250	50
2251	52
2252	66
2253	67
2254	63
2255	55
2256	46
2257	56
2258	50
2259	56
2260	53
2261	67
2262	49
2263	63
2264	61
2265	59
2266	40
2267	66
2268	47
2269	63
2270	53
2271	59
2272	54
2273	60
2274	56
2275	58
2276	51
2277	59
2278	58
2279	64
2280	62
2281	55
2282	53
2283	53
2284	54
2285	80
2286	54
2287	70
2288	54
2289	54
2290	48
2291	62
2292	57
2293	68
2294	56
2295	54
2296	68
2297	44
2298	67
2299	56
2300	63
2301	62
2302	50
2303	50
2304	56
2305	48
2306	70
2307	53
2308	51
2309	79
2310	54
2311	66
2312	54
2313	52
2314	55
2315	52
2316	62
2317	63
2318	56
2319	67
2320	62
2321	61
2322	50
2323	61
2324	51
2325	54
2326	52
2327	62
2328	60
2329	48
2330	54
2331	47
2332	60
2333	68
2334	51
2335	58
2336	53
2337	57
2338	67
2339	52
2340	56
2341	52
2342	60
2343	61
2344	71
2345	77
2346	55
2347	62
2348	60
2349	64
2350	60
2351	56
2352	45
2353	50
2354	49
2355	57
2356	65
2357	49
2358	54
2359	57
2360	56
2361	58
2362	57
2363	56
2364	45
2365	51
2366	71
2367	54
2368	57
2369	57
2370	62
2371	63
2372	60
2373	58
2374	70
2375	54
2376	53
2377	65
2378	64
2379	65
2380	68
2381	65
2382	65
2383	59
2384	49
2385	66
2386	54
2387	60
2388	54
2389	58
2390	57
2391	57
2392	70
2393	49
2394	56
2395	58
2396	54
2397	61
2398	52
2399	62
2400	61
2401	47
2402	53
2403	50
2404	62
2405	53
2406	56
2407	74
2408	60
2409	63
2410	53
2411	71
2412	65
2413	67
2414	60
2415	46
2416	53
2417	57
2418	68
2419	63
2420	69
2421	66
2422	50
2423	63
2424	58
2425	56
2426	56
2427	70
2428	72
2429	72
2430	66
2431	55
2432	48
2433	48
2434	51
2435	51
2436	32
2437	65
2438	52
2439	67
2440	57
2441	51
2442	59
2443	54
2444	50
2445	51
2446	50
2447	56
2448	55
2449	53
2450	54
2451	52
2452	64
2453	70
2454	44
2455	52
2456	60
2457	50
2458	54
2459	61
2460	60
2461	53
2462	52
2463	59
2464	56
2465	52
2466	57
2467	62
2468	46
2469	52
2470	64
2471	51
2472	50
2473	48
2474	52
2475	58
2476	51
2477	57
2478	47
2479	53
2480	65
2481	58
2482	49
2483	51
2484	52
2485	50
2486	51
2487	50
2488	44
2489	46
2490	39
2491	55
2492	55
2493	49
2494	54
2495	44
2496	52
2497	46
2498	54
2499	55
2500	57
2501	68
2502	44
2503	60
2504	42
2505	58
2506	54
2507	54
2508	40
2509	57
2510	39
2511	62
2512	44
2513	60
2514	62
2515	36
2516	40
2517	48
2518	52
2519	52
2520	50
2521	45
2522	54
2523	50
2524	47
2525	47
2526	62
2527	40
2528	53
2529	45
2530	37
2531	51
2532	48
2533	63
2534	51
2535	46
2536	46
2537	43
2538	48
2539	57
2540	43
2541	47
2542	58
2543	45
2544	38
2545	50
2546	34
2547	43
2548	51
2549	46
2550	43
2551	48
2552	36
2553	54
2554	39
2555	49
2556	43
2557	33
2558	38
2559	48
2560	41
2561	59
2562	61
2563	41
2564	44
2565	45
2566	30
2567	34
2568	52
2569	39
2570	34
2571	47
2572	34
2573	33
2574	44
2575	35
2576	41
2577	39
2578	43
2579	37
2580	42
2581	47
2582	41
2583	37
2584	34
2585	44
2586	52
2587	44
2588	46
2589	44
2590	36
2591	43
2592	46
2593	51
2594	45
2595	36
2596	30
2597	43
2598	42
2599	41
2600	36
2601	34
2602	37
2603	38
2604	49
2605	35
2606	35
2607	45
2608	47
2609	47
2610	42
2611	38
2612	45
2613	40
2614	48
2615	46
2616	39
2617	47
2618	33
2619	50
2620	36
2621	40
2622	52
2623	46
2624	25
2625	32
2626	52
2627	38
2628	39
2629	41
2630	40
2631	43
2632	35
2633	44
2634	34
2635	25
2636	25
2637	44
2638	43
2639	48
2640	34
2641	46
2642	43
2643	49
2644	41
2645	42
2646	44
2647	40
2648	47
2649	35
2650	35
2651	37
2652	42
2653	29
2654	39
2655	37
2656	40
2657	39
2658	42
2659	40
2660	50
2661	45
2662	37
2663	33
2664	38
2665	41
2666	33
2667	41
2668	43
2669	33
2670	29
2671	37
2672	42
2673	45
2674	46
2675	30
2676	43
2677	47
2678	30
2679	53
2680	39
2681	30
2682	50
2683	37
2684	34
2685	43
2686	38
2687	32
2688	43
2689	51
2690	38
2691	38
2692	37
2693	36
2694	37
2695	51
2696	47
2697	40
2698	36
2699	47
2700	36
2701	45
2702	37
2703	40
2704	41
2705	41
2706	46
2707	52
2708	49
2709	36
2710	40
2711	42
2712	31
2713	25
2714	42
2715	38
2716	33
2717	45
2718	41
2719	34
2720	35
2721	37
2722	36
2723	37
2724	38
2725	36
2726	26
2727	32
2728	38
2729	40
2730	40
2731	45
2732	39
2733	44
2734	44
2735	36
2736	39
2737	36
2738	43
2739	51
2740	46
2741	38
2742	48
2743	43
2744	42
2745	40
2746	27
2747	41
2748	42
2749	32
2750	35
2751	38
2752	35
2753	35
2754	46
2755	36
2756	34
2757	45
2758	38
2759	51
2760	25
2761	45
2762	37
2763	31
2764	45
2765	40
2766	26
2767	43
2768	32
2769	41
2770	41
2771	51
2772	46
2773	45
2774	45
2775	41
2776	48
2777	34
2778	39
2779	29
2780	37
2781	29
2782	40
2783	44
2784	28
2785	42
2786	39
2787	29
2788	30
2789	28
2790	35
2791	44
2792	31
2793	31
2794	37
2795	47
2796	44
2797	48
2798	37
2799	48
2800	35
2801	36
2802	37
2803	46
2804	41
2805	31
2806	25
2807	45
2808	36
2809	29
2810	37
2811	31
2812	44
2813	30
2814	44
2815	45
2816	45
2817	30
2818	29
2819	33
2820	39
2821	42
2822	38
2823	37
2824	36
2825	40
2826	37
2827	32
2828	21
2829	44
2830	26
2831	26
2832	41
2833	48
2834	35
2835	36
2836	44
2837	42
2838	37
2839	39
2840	33
2841	26
2842	43
2843	35
2844	33
2845	41
2846	44
2847	41
2848	33
2849	47
2850	44
2851	44
2852	30
2853	38
2854	50
2855	44
2856	26
2857	38
2858	30
2859	39
2860	37
2861	32
2862	48
2863	31
2864	38
2865	33
2866	42
2867	45
2868	37
2869	31
2870	37
2871	45
2872	26
2873	32
2874	39
2875	31
2876	37
2877	38
2878	25
2879	37
2880	37
2881	46
2882	35
2883	40
2884	25
2885	33
2886	44
2887	42
2888	34
2889	39
2890	47
2891	40
2892	32
2893	38
2894	34
2895	32
2896	36
2897	45
2898	40
2899	38
2900	40
2901	26
2902	40
2903	40
2904	60
2905	35
2906	35
2907	33
2908	30
2909	39
2910	47
2911	35
2912	45
2913	30
2914	40
2915	44
2916	36
2917	37
2918	35
2919	42
2920	34
2921	38
2922	34
2923	41
2924	37
2925	45
2926	45
2927	29
2928	34
2929	46
2930	24
2931	44
2932	27
2933	37
2934	31
2935	35
2936	38
2937	33
2938	29
2939	34
2940	42
2941	48
2942	34
2943	43
2944	30
2945	31
2946	46
2947	31
2948	43
2949	27
2950	42
2951	31
2952	41
2953	35
2954	29
2955	28
2956	29
2957	39
2958	37
2959	29
2960	34
2961	39
2962	34
2963	43
2964	35
2965	34
2966	41
2967	32
2968	31
2969	28
2970	29
2971	35
2972	32
2973	35
2974	31
2975	39
2976	32
2977	42
2978	38
2979	31
2980	35
2981	28
2982	30
2983	43
2984	34
2985	34
2986	47
2987	37
2988	32
2989	32
2990	52
2991	38
2992	35
2993	35
2994	36
2995	30
2996	35
2997	30
2998	33
2999	40
3000	26
3001	29
3002	32
3003	27
3004	33
3005	44
3006	36
3007	36
3008	36
3009	35
3010	44
3011	38
3012	42
3013	33
3014	32
3015	33
3016	28
3017	42
3018	45
3019	31
3020	38
3021	42
3022	43
3023	30
3024	40
3025	42
3026	44
3027	35
3028	34
3029	41
3030	52
3031	22
3032	33
3033	43
3034	49
3035	36
3036	40
3037	30
3038	34
3039	33
3040	35
3041	30
3042	26
3043	37
3044	44
3045	29
3046	36
3047	34
3048	45
3049	37
3050	26
3051	34
3052	37
3053	34
3054	51
3055	38
3056	30
3057	29
3058	28
3059	45
3060	32
3061	27
3062	46
3063	27
3064	29
3065	40
3066	35
3067	35
3068	41
3069	34
3070	28
3071	34
3072	28
3073	34
3074	30
3075	33
3076	36
3077	34
3078	33
3079	41
3080	43
3081	43
3082	31
3083	46
3084	45
3085	39
3086	42
3087	42
3088	39
3089	38
3090	43
3091	30
3092	27
3093	31
3094	43
3095	39
3096	37
3097	38
3098	34
3099	32
3100	35
3101	50
3102	38
3103	36
3104	41
3105	33
3106	46
3107	43
3108	30
3109	30
3110	33
3111	45
3112	39
3113	34
3114	37
3115	35
3116	35
3117	34
3118	36
3119	37
3120	45
3121	23
3122	30
3123	35
3124	37
3125	40
3126	41
3127	32
3128	27
3129	39
3130	34
3131	33
3132	37
3133	30
3134	39
3135	40
3136	34
3137	33
3138	30
3139	36
3140	32
3141	41
3142	44
3143	43
3144	33
3145	34
3146	25
3147	45
3148	33
3149	24
3150	27
3151	37
3152	36
3153	36
3154	35
3155	27
3156	25
3157	46
3158	33
3159	43
3160	36
3161	36
3162	29
3163	45
3164	33
3165	23
3166	30
3167	28
3168	23
3169	33
3170	35
3171	40
3172	35
3173	24
3174	34
3175	23
3176	36
3177	34
3178	32
3179	36
3180	26
3181	22
3182	34
3183	36
3184	36
3185	30
3186	37
3187	40
3188	29
3189	35
3190	38
3191	44
3192	34
3193	33
3194	41
3195	31
3196	31
3197	24
3198	40
3199	36
3200	32
3201	35
3202	26
3203	35
3204	30
3205	32
3206	36
3207	40
3208	27
3209	38
3210	33
3211	44
3212	33
3213	26
3214	43
3215	37
3216	32
3217	28
3218	47
3219	25
3220	31
3221	35
3222	26
3223	29
3224	22
3225	32
3226	33
3227	51
3228	33
3229	42
3230	27
3231	34
3232	35
3233	32
3234	40
3235	35
3236	42
3237	34
3238	32
3239	37
3240	46
3241	41
3242	37
3243	40
3244	37
3245	32
3246	28
3247	40
3248	36
3249	26
3250	33
3251	32
3252	28
3253	39
3254	35
3255	41
3256	36
3257	26
3258	39
3259	28
3260	36
3261	25
3262	34
3263	34
3264	37
3265	33
3266	36
3267	32
3268	36
3269	26
3270	31
3271	33
3272	33
3273	31
3274	32
3275	24
3276	24
3277	21
3278	27
3279	34
3280	37
3281	26
3282	34
3283	29
3284	36
3285	36
3286	31
3287	25
3288	35
3289	32
3290	25
3291	34
3292	33
3293	44
3294	21
3295	30
3296	27
3297	35
3298	29
3299	30
3300	36
3301	26
3302	35
3303	34
3304	24
3305	27
3306	33
3307	38
3308	28
3309	31
3310	30
3311	23
3312	28
3313	39
3314	33
3315	25
3316	31
3317	26
3318	39
3319	29
3320	39
3321	23
3322	31
3323	33
3324	33
3325	34
3326	37
3327	25
3328	30
3329	27
3330	31
3331	19
3332	35
3333	38
3334	42
3335	29
3336	38
3337	27
3338	25
3339	29
3340	31
3341	29
3342	32
3343	31
3344	31
3345	33
3346	30
3347	21
3348	30
3349	28
3350	29
3351	29
3352	19
3353	33
3354	27
3355	27
3356	36
3357	25
3358	26
3359	32
3360	27
3361	39
3362	28
3363	34
3364	31
3365	39
3366	36
3367	30
3368	27
3369	31
3370	33
3371	32
3372	39
3373	30
3374	34
3375	30
3376	32
3377	19
3378	26
3379	27
3380	47
3381	34
3382	25
3383	23
3384	21
3385	36
3386	31
3387	29
3388	30
3389	33
3390	23
3391	36
3392	25
3393	29
3394	37
3395	30
3396	35
3397	28
3398	37
3399	29
3400	27
3401	36
3402	35
3403	25
3404	23
3405	30
3406	29
3407	38
3408	31
3409	23
3410	31
3411	26
3412	21
3413	34
3414	25
3415	33
3416	24
3417	23
3418	30
3419	25
3420	32
3421	33
3422	26
3423	33
3424	35
3425	23
3426	26
3427	27
3428	28
3429	30
3430	26
3431	34
3432	28
3433	36
3434	27
3435	27
3436	28
3437	28
3438	28
3439	29
3440	25
3441	24
3442	23
3443	27
3444	43
3445	37
3446	27
3447	27
3448	22
3449	29
3450	26
3451	32
3452	37
3453	23
3454	30
3455	28
3456	25
3457	30
3458	25
3459	34
3460	37
3461	39
3462	26
3463	31
3464	30
3465	31
3466	24
3467	26
3468	21
3469	21
3470	25
3471	34
3472	26
3473	25
3474	21
3475	35
3476	12
3477	24
3478	26
3479	25
3480	20
3481	25
3482	33
3483	18
3484	28
3485	28
3486	30
3487	24
3488	15
3489	20
3490	22
3491	30
3492	30
3493	34
3494	28
3495	33
3496	29
3497	23
3498	31
3499	37
3500	29
3501	29
3502	37
3503	28
3504	37
3505	32
3506	41
3507	28
3508	36
3509	27
3510	27
3511	33
3512	28
3513	19
3514	19
3515	36
3516	26
3517	30
3518	26
3519	25
3520	23
3521	30
3522	18
3523	32
3524	23
3525	21
3526	31
3527	35
3528	31
3529	27
3530	24
3531	40
3532	21
3533	38
3534	31
3535	37
3536	26
3537	26
3538	31
3539	27
3540	25
3541	27
3542	41
3543	37
3544	27
3545	22
3546	27
3547	35
3548	35
3549	20
3550	22
3551	36
3552	23
3553	28
3554	31
3555	28
3556	33
3557	32
3558	25
3559	27
3560	23
3561	27
3562	27
3563	25
3564	22
3565	21
3566	27
3567	29
3568	21
3569	43
3570	30
3571	29
3572	32
3573	35
3574	36
3575	27
3576	34
3577	28
3578	26
3579	30
3580	22
3581	28
3582	31
3583	32
3584	31
3585	31
3586	31
3587	22
3588	29
3589	23
3590	21
3591	20
3592	22
3593	30
3594	33
3595	48
3596	28
3597	34
3598	25
3599	28
3600	23
3601	32
3602	27
3603	33
3604	24
3605	33
3606	20
3607	33
3608	26
3609	30
3610	24
3611	18
3612	26
3613	30
3614	34
3615	37
3616	26
3617	31
3618	27
3619	31
3620	33
3621	30
3622	27
3623	25
3624	35
3625	35
3626	36
3627	24
3628	39
3629	21
3630	33
3631	34
3632	37
3633	39
3634	20
3635	29
3636	35
3637	27
3638	29
3639	29
3640	42
3641	26
3642	30
3643	33
3644	23
3645	29
3646	24
3647	27
3648	27
3649	23
3650	21
3651	32
3652	31
3653	26
3654	33
3655	33
3656	35
3657	32
3658	31
3659	36
3660	34
3661	41
3662	34
3663	22
3664	30
3665	33
3666	28
3667	39
3668	31
3669	31
3670	42
3671	24
3672	23
3673	27
3674	25
3675	26
3676	35
3677	26
3678	24
3679	26
3680	31
3681	23
3682	41
3683	25
3684	40
3685	21
3686	28
3687	23
3688	38
3689	41
3690	28
3691	30
3692	32
3693	30
3694	25
3695	32
3696	33
3697	27
3698	29
3699	30
3700	25
3701	27
3702	32
3703	21
3704	33
3705	36
3706	17
3707	30
3708	31
3709	15
3710	34
3711	26
3712	34
3713	42
3714	40
3715	26
3716	29
3717	28
3718	29
3719	19
3720	29
3721	41
3722	26
3723	30
3724	28
3725	30
3726	26
3727	36
3728	24
3729	33
3730	33
3731	33
3732	27
3733	23
3734	31
3735	35
3736	18
3737	34
3738	33
3739	26
3740	26
3741	26
3742	38
3743	27
3744	27
3745	30
3746	26
3747	28
3748	31
3749	24
3750	35
3751	19
3752	25
3753	24
3754	21
3755	31
3756	27
3757	26
3758	34
3759	27
3760	26
3761	24
3762	23
3763	30
3764	36
3765	33
3766	34
3767	36
3768	24
3769	31
3770	31
3771	25
3772	27
3773	31
3774	35
3775	30
3776	22
3777	45
3778	34
3779	30
3780	26
3781	30
3782	42
3783	22
3784	27
3785	31
3786	28
3787	27
3788	23
3789	30
3790	30
3791	35
3792	29
3793	34
3794	32
3795	28
3796	31
3797	29
3798	31
3799	28
3800	28
3801	34
3802	30
3803	28
3804	28
3805	27
3806	22
3807	26
3808	22
3809	24
3810	28
3811	31
3812	20
3813	28
3814	28
3815	36
3816	22
3817	30
3818	41
3819	33
3820	31
3821	34
3822	32
3823	26
3824	34
3825	34
3826	31
3827	27
3828	29
3829	30
3830	27
3831	26
3832	13
3833	29
3834	29
3835	31
3836	32
3837	25
3838	29
3839	30
3840	21
3841	24
3842	31
3843	18
3844	35
3845	22
3846	24
3847	26
3848	28
3849	28
3850	27
3851	27
3852	29
3853	34
3854	20
3855	29
3856	31
3857	41
3858	32
3859	22
3860	33
3861	29
3862	23
3863	27
3864	21
3865	33
3866	26
3867	27
3868	27
3869	24
3870	38
3871	34
3872	30
3873	32
3874	29
3875	30
3876	31
3877	31
3878	34
3879	30
3880	29
3881	28
3882	27
3883	28
3884	24
3885	25
3886	34
3887	32
3888	21
3889	28
3890	26
3891	21
3892	32
3893	30
3894	35
3895	28
3896	26
3897	28
3898	21
3899	32
3900	26
3901	32
3902	31
3903	38
3904	24
3905	39
3906	27
3907	21
3908	26
3909	25
3910	35
3911	32
3912	29
3913	20
3914	31
3915	31
3916	38
3917	32
3918	36
3919	31
3920	36
3921	26
3922	32
3923	28
3924	27
3925	29
3926	24
3927	31
3928	23
3929	34
3930	30
3931	27
3932	31
3933	25
3934	29
3935	30
3936	37
3937	17
3938	35
3939	26
3940	36
3941	21
3942	29
3943	24
3944	25
3945	29
3946	24
3947	36
3948	25
3949	32
3950	30
3951	26
3952	21
3953	25
3954	32
3955	28
3956	33
3957	31
3958	31
3959	33
3960	28
3961	35
3962	28
3963	23
3964	26
3965	25
3966	29
3967	21
3968	34
3969	34
3970	28
3971	25
3972	28
3973	28
3974	23
3975	30
3976	26
3977	33
3978	27
3979	25
3980	27
3981	33
3982	33
3983	28
3984	20
3985	34
3986	28
3987	26
3988	26
3989	30
3990	30
3991	24
3992	24
3993	38
3994	27
3995	26
3996	32
3997	24
3998	33
3999	32
4000	41
4001	29
4002	34
4003	36
4004	34
4005	21
4006	25
4007	30
4008	36
4009	29
4010	22
4011	36
4012	19
4013	36
4014	28
4015	29
4016	38
4017	33
4018	25
4019	32
4020	36
4021	39
4022	31
4023	32
4024	32
4025	33
4026	35
4027	20
4028	40
4029	37
4030	35
4031	25
4032	36
4033	34
4034	20
4035	26
4036	40
4037	34
4038	28
4039	44
4040	25
4041	19
4042	32
4043	30
4044	36
4045	32
4046	35
4047	31
4048	28
4049	26
4050	35
4051	30
4052	29
4053	53
4054	41
4055	28
4056	35
4057	35
4058	40
4059	33
4060	36
4061	31
4062	34
4063	32
4064	37
4065	39
4066	38
4067	30
4068	37
4069	39
4070	28
4071	33
4072	29
4073	39
4074	39
4075	38
4076	37
4077	42
4078	29
4079	31
4080	43
4081	34
4082	39
4083	39
4084	43
4085	35
4086	33
4087	37
4088	30
4089	27
4090	34
4091	49
4092	47
4093	47
4094	30
4095	37
4096	29
4097	25
4098	50
4099	39
4100	28
4101	33
4102	33
4103	51
4104	33
4105	26
4106	48
4107	40
4108	41
4109	36
4110	34
4111	50
4112	43
4113	42
4114	53
4115	36
4116	48
4117	35
4118	42
4119	40
4120	36
4121	44
4122	39
4123	41
4124	42
4125	40
4126	40
4127	35
4128	52
4129	40
4130	40
4131	48
4132	54
4133	35
4134	42
4135	43
4136	53
4137	37
4138	45
4139	39
4140	45
4141	54
4142	47
4143	46
4144	51
4145	43
4146	39
4147	42
4148	38
4149	40
4150	41
4151	54
4152	51
4153	39
4154	35
4155	44
4156	40
4157	47
4158	45
4159	41
4160	53
4161	46
4162	47
4163	31
4164	56
4165	44
4166	51
4167	41
4168	32
4169	40
4170	42
4171	41
4172	51
4173	52
4174	44
4175	54
4176	42
4177	39
4178	59
4179	50
4180	56
4181	53
4182	43
4183	35
4184	49
4185	40
4186	54
4187	41
4188	49
4189	59
4190	38
4191	48
4192	35
4193	52
4194	52
4195	41
4196	57
4197	44
4198	38
4199	41
4200	42
4201	34
4202	48
4203	46
4204	45
4205	38
4206	41
4207	30
4208	54
4209	33
4210	40
4211	47
4212	38
4213	49
4214	40
4215	39
4216	36
4217	45
4218	55
4219	47
4220	54
4221	41
4222	45
4223	55
4224	55
4225	48
4226	60
4227	28
4228	52
4229	44
4230	54
4231	32
4232	43
4233	43
4234	36
4235	51
4236	41
4237	42
4238	46
4239	41
4240	31
4241	57
4242	33
4243	29
4244	36
4245	36
4246	42
4247	28
4248	45
4249	37
4250	45
4251	41
4252	53
4253	45
4254	44
4255	56
4256	36
4257	36
4258	52
4259	48
4260	55
4261	40
4262	43
4263	49
4264	56
4265	44
4266	37
4267	50
4268	41
4269	33
4270	42
4271	47
4272	51
4273	45
4274	43
4275	47
4276	39
4277	46
4278	42
4279	44
4280	41
4281	32
4282	29
4283	44
4284	50
4285	47
4286	49
4287	46
4288	44
4289	38
4290	34
4291	49
4292	42
4293	35
4294	50
4295	34
4296	38
4297	35
4298	33
4299	47
4300	34
4301	40
4302	46
4303	36
4304	36
4305	21
4306	34
4307	42
4308	36
4309	30
4310	50
4311	41
4312	41
4313	37
4314	37
4315	34
4316	30
4317	35
4318	52
4319	34
4320	45
4321	36
4322	32
4323	35
4324	38
4325	28
4326	40
4327	36
4328	37
4329	44
4330	35
4331	42
4332	35
4333	31
4334	39
4335	31
4336	42
4337	34
4338	29
4339	41
4340	42
4341	34
4342	32
4343	28
4344	30
4345	32
4346	42
4347	36
4348	33
4349	35
4350	39
4351	48
4352	35
4353	35
4354	33
4355	28
4356	31
4357	34
4358	30
4359	33
4360	37
4361	36
4362	42
4363	33
4364	29
4365	40
4366	23
4367	22
4368	43
4369	37
4370	41
4371	33
4372	23
4373	34
4374	25
4375	31
4376	25
4377	34
4378	24
4379	27
4380	28
4381	31
4382	26
4383	26
4384	29
4385	26
4386	36
4387	16
4388	34
4389	27
4390	27
4391	22
4392	29
4393	26
4394	37
4395	22
4396	23
4397	24
4398	24
4399	25
4400	23
4401	29
4402	31
4403	34
4404	26
4405	36
4406	28
4407	34
4408	24
4409	26
4410	27
4411	29
4412	23
4413	34
4414	26
4415	18
4416	21
4417	30
4418	29
4419	25
4420	36
4421	26
4422	22
4423	24
4424	23
4425	20
4426	25
4427	22
4428	21
4429	21
4430	23
4431	25
4432	26
4433	25
4434	25
4435	23
4436	23
4437	30
4438	25
4439	30
4440	18
4441	27
4442	29
4443	30
4444	23
4445	22
4446	18
4447	28
4448	26
4449	23
4450	35
4451	21
4452	16
4453	16
4454	30
4455	21
4456	31
4457	23
4458	24
4459	23
4460	30
4461	24
4462	26
4463	16
4464	24
4465	19
4466	25
4467	30
4468	24
4469	26
4470	14
4471	20
4472	20
4473	24
4474	28
4475	28
4476	25
4477	23
4478	24
4479	26
4480	18
4481	22
4482	20
4483	20
4484	24
4485	22
4486	19
4487	21
4488	23
4489	24
4490	32
4491	24
4492	23
4493	19
4494	16
4495	20
4496	18
4497	24
4498	16
4499	16
4500	29
4501	29
4502	19
4503	31
4504	20
4505	21
4506	17
4507	13
4508	24
4509	16
4510	25
4511	15
4512	21
4513	17
4514	8
4515	22
4516	17
4517	16
4518	25
4519	16
4520	15
4521	23
4522	19
4523	19
4524	23
4525	17
4526	21
4527	24
4528	23
4529	19
4530	23
4531	29
4532	24
4533	29
4534	18
4535	14
4536	26
4537	22
4538	35
4539	20
4540	23
4541	17
4542	24
4543	22
4544	24
4545	23
4546	21
4547	22
4548	23
4549	27
4550	21
4551	26
4552	19
4553	24
4554	24
4555	28
4556	20
4557	22
4558	22
4559	25
4560	26
4561	27
4562	25
4563	21
4564	18
4565	29
4566	15
4567	25
4568	18
4569	17
4570	16
4571	11
4572	25
4573	18
4574	22
4575	20
4576	22
4577	16
4578	22
4579	30
4580	23
4581	25
4582	16
4583	22
4584	26
4585	18
4586	17
4587	34
4588	23
4589	19
4590	23
4591	19
4592	25
4593	20
4594	21
4595	25
4596	26
4597	25
4598	18
4599	27
4600	16
4601	22
4602	27
4603	20
4604	16
4605	19
4606	26
4607	23
4608	15
4609	17
4610	18
4611	24
4612	15
4613	20
4614	25
4615	13
4616	18
4617	18
4618	20
4619	31
4620	15
4621	23
4622	16
4623	19
4624	15
4625	15
4626	28
4627	21
4628	22
4629	25
4630	21
4631	27
4632	18
4633	26
4634	23
4635	16
4636	17
4637	22
4638	23
4639	20
4640	21
4641	18
4642	20
4643	25
4644	17
4645	23
4646	25
4647	26
4648	24
4649	35
4650	29
4651	14
4652	21
4653	14
4654	30
4655	19
4656	23
4657	18
4658	20
4659	20
4660	22
4661	15
4662	18
4663	19
4664	18
4665	15
4666	33
4667	33
4668	19
4669	13
4670	18
4671	26
4672	14
4673	20
4674	22
4675	18
4676	26
4677	18
4678	21
4679	23
4680	23
4681	14
4682	22
4683	31
4684	21
4685	14
4686	23
4687	30
4688	19
4689	22
4690	21
4691	10
4692	12
4693	26
4694	16
4695	18
4696	13
4697	22
4698	19
4699	23
4700	27
4701	27
4702	23
4703	13
4704	14
4705	28
4706	18
4707	15
4708	21
4709	13
4710	32
4711	25
4712	17
4713	32
4714	15
4715	21
4716	17
4717	17
4718	11
4719	21
4720	11
4721	28
4722	24
4723	20
4724	24
4725	22
4726	28
4727	22
4728	21
4729	21
4730	19
4731	23
4732	22
4733	26
4734	22
4735	19
4736	19
4737	33
4738	20
4739	19
4740	20
4741	27
4742	18
4743	20
4744	22
4745	23
4746	17
4747	20
4748	14
4749	25
4750	21
4751	32
4752	14
4753	34
4754	19
4755	20
4756	25
4757	16
4758	21
4759	17
4760	14
4761	22
4762	15
4763	25
4764	23
4765	17
4766	16
4767	20
4768	22
4769	19
4770	22
4771	22
4772	17
4773	26
4774	16
4775	17
4776	16
4777	21
4778	14
4779	22
4780	18
4781	23
4782	26
4783	15
4784	22
4785	23
4786	15
4787	22
4788	19
4789	21
4790	24
4791	19
4792	17
4793	22
4794	16
4795	20
4796	18
4797	14
4798	13
4799	13
4800	10
4801	22
4802	14
4803	13
4804	27
4805	14
4806	24
4807	13
4808	21
4809	14
4810	20
4811	19
4812	18
4813	20
4814	11
4815	18
4816	10
4817	19
4818	21
4819	20
4820	27
4821	20
4822	16
4823	18
4824	11
4825	21
4826	19
4827	16
4828	21
4829	17
4830	22
4831	19
4832	13
4833	14
4834	19
4835	18
4836	16
4837	19
4838	26
4839	19
4840	23
4841	23
4842	18
4843	16
4844	10
4845	10
4846	18
4847	18
4848	18
4849	15
4850	12
4851	13
4852	21
4853	16
4854	19
4855	11
4856	16
4857	16
4858	18
4859	19
4860	16
4861	25
4862	8
4863	14
4864	21
4865	14
4866	26
4867	19
4868	35
4869	16
4870	19
4871	18
4872	13
4873	21
4874	17
4875	21
4876	25
4877	12
4878	22
4879	15
4880	16
4881	20
4882	15
4883	16
4884	17
4885	20
4886	15
4887	21
4888	12
4889	27
4890	16
4891	22
4892	22
4893	13
4894	10
4895	11
4896	16
4897	19
4898	11
4899	10
4900	14
4901	20
4902	16
4903	15
4904	25
4905	22
4906	24
4907	23
4908	18
4909	16
4910	23
4911	15
4912	16
4913	18
4914	19
4915	17
4916	20
4917	19
4918	23
4919	22
4920	18
4921	16
4922	11
4923	15
4924	25
4925	18
4926	20
4927	14
4928	18
4929	17
4930	16
4931	20
4932	26
4933	15
4934	19
4935	14
4936	11
4937	15
4938	25
4939	12
4940	17
4941	19
4942	18
4943	16
4944	10
4945	19
4946	12
4947	23
4948	19
4949	18
4950	30
4951	16
4952	21
4953	16
4954	27
4955	20
4956	12
4957	17
4958	30
4959	21
4960	11
4961	18
4962	24
4963	19
4964	22
4965	18
4966	18
4967	20
4968	17
4969	18
4970	18
4971	12
4972	21
4973	19
4974	19
4975	22
4976	26
4977	15
4978	12
4979	21
4980	16
4981	15
4982	25
4983	17
4984	15
4985	22
4986	18
4987	15
4988	14
4989	15
4990	24
4991	20
4992	16
4993	23
4994	15
4995	18
4996	13
4997	15
4998	23
4999	22
5000	16
5001	26
5002	17
5003	15
5004	21
5005	26
5006	17
5007	13
5008	19
5009	20
5010	28
5011	19
5012	21
5013	19
5014	22
5015	17
5016	17
5017	25
5018	25
5019	29
5020	26
5021	17
5022	27
5023	15
5024	24
5025	29
5026	16
5027	24
5028	26
5029	24
5030	22
5031	31
5032	22
5033	14
5034	27
5035	19
5036	25
5037	22
5038	17
5039	14
5040	26
5041	25
5042	14
5043	25
5044	29
5045	20
5046	24
5047	31
5048	15
5049	26
5050	24
5051	22
5052	30
5053	22
5054	21
5055	29
5056	20
5057	26
5058	18
5059	28
5060	35
5061	23
5062	25
5063	20
5064	27
5065	24
5066	21
5067	25
5068	27
5069	30
5070	25
5071	27
5072	31
5073	23
5074	24
5075	21
5076	26
5077	29
5078	31
5079	32
5080	36
5081	35
5082	23
5083	25
5084	27
5085	38
5086	24
5087	30
5088	24
5089	27
5090	13
5091	28
5092	28
5093	31
5094	30
5095	21
5096	29
5097	25
5098	25
5099	30
5100	28
5101	22
5102	28
5103	32
5104	22
5105	29
5106	26
5107	35
5108	21
5109	29
5110	26
5111	33
5112	32
5113	31
5114	22
5115	23
5116	25
5117	17
5118	24
5119	31
5120	23
5121	33
5122	27
5123	34
5124	35
5125	34
5126	33
5127	28
5128	29
5129	37
5130	27
5131	37
5132	27
5133	25
5134	28
5135	36
5136	37
5137	32
5138	25
5139	21
5140	21
5141	35
5142	33
5143	26
5144	31
5145	25
5146	35
5147	27
5148	35
5149	44
5150	37
5151	35
5152	39
5153	26
5154	39
5155	19
5156	29
5157	28
5158	23
5159	28
5160	22
5161	33
5162	33
5163	27
5164	31
5165	18
5166	37
5167	28
5168	25
5169	30
5170	27
5171	35
5172	26
5173	25
5174	31
5175	21
5176	26
5177	34
5178	29
5179	42
5180	24
5181	32
5182	24
5183	42
5184	34
5185	27
5186	32
5187	29
5188	42
5189	28
5190	35
5191	28
5192	24
5193	16
5194	36
5195	30
5196	27
5197	32
5198	25
5199	21
5200	32
5201	29
5202	22
5203	38
5204	36
5205	27
5206	29
5207	35
5208	29
5209	42
5210	34
5211	29
5212	28
5213	33
5214	22
5215	22
5216	22
5217	30
5218	28
5219	28
5220	36
5221	33
5222	25
5223	29
5224	25
5225	14
5226	27
5227	29
5228	30
5229	36
5230	37
5231	32
5232	29
5233	37
5234	32
5235	30
5236	26
5237	31
5238	26
5239	29
5240	30
5241	27
5242	30
5243	27
5244	31
5245	28
5246	24
5247	27
5248	27
5249	19
5250	31
5251	29
5252	32
5253	22
5254	20
5255	32
5256	15
5257	20
5258	38
5259	23
5260	31
5261	35
5262	22
5263	21
5264	22
5265	27
5266	29
5267	33
5268	27
5269	20
5270	25
5271	24
5272	32
5273	37
5274	25
5275	27
5276	19
5277	19
5278	25
5279	31
5280	34
5281	33
5282	28
5283	18
5284	34
5285	25
5286	34
5287	28
5288	29
5289	28
5290	23
5291	27
5292	35
5293	20
5294	29
5295	24
5296	25
5297	22
5298	22
5299	28
5300	20
5301	19
5302	22
5303	21
5304	28
5305	28
5306	26
5307	28
5308	25
5309	30
5310	22
5311	23
5312	19
5313	17
5314	24
5315	22
5316	28
5317	15
5318	10
5319	22
5320	16
5321	30
5322	27
5323	24
5324	25
5325	20
5326	22
5327	18
5328	16
5329	25
5330	17
5331	24
5332	25
5333	29
5334	13
5335	33
5336	27
5337	14
5338	25
5339	17
5340	27
5341	21
5342	19
5343	20
5344	28
5345	21
5346	16
5347	25
5348	20
5349	15
5350	18
5351	20
5352	20
5353	30
5354	24
5355	21
5356	16
5357	18
5358	18
5359	15
5360	20
5361	24
5362	17
5363	11
5364	24
5365	25
5366	20
5367	24
5368	14
5369	10
5370	19
5371	21
5372	17
5373	16
5374	14
5375	22
5376	12
5377	15
5378	16
5379	19
5380	20
5381	18
5382	15
5383	18
5384	30
5385	18
5386	16
5387	18
5388	17
5389	16
5390	10
5391	18
5392	17
5393	19
5394	22
5395	12
5396	18
5397	18
5398	13
5399	12
5400	22
5401	12
5402	20
5403	15
5404	15
5405	15
5406	13
5407	15
5408	14
5409	17
5410	15
5411	18
5412	17
5413	20
5414	12
5415	7
5416	13
5417	13
5418	14
5419	17
5420	22
5421	19
5422	19
5423	10
5424	11
5425	27
5426	16
5427	17
5428	10
5429	14
5430	7
5431	13
5432	16
5433	16
5434	12
5435	17
5436	10
5437	14
5438	15
5439	9
5440	14
5441	11
5442	15
5443	12
5444	17
5445	14
5446	10
5447	17
5448	13
5449	13
5450	18
5451	15
5452	18
5453	10
5454	13
5455	7
5456	17
5457	13
5458	17
5459	14
5460	15
5461	11
5462	7
5463	14
5464	16
5465	9
5466	11
5467	9
5468	11
5469	14
5470	12
5471	13
5472	9
5473	17
5474	16
5475	15
5476	14
5477	23
5478	15
5479	8
5480	6
5481	12
5482	15
5483	8
5484	18
5485	12
5486	11
5487	8
5488	22
5489	9
5490	11
5491	12
5492	14
5493	12
5494	18
5495	13
5496	12
5497	19
5498	17
5499	14
5500	9
5501	17
5502	17
5503	14
5504	15
5505	6
5506	14
5507	13
5508	16
5509	10
5510	10
5511	8
5512	9
5513	10
5514	10
5515	12
5516	10
5517	12
5518	16
5519	18
5520	11
5521	5
5522	8
5523	14
5524	12
5525	12
5526	13
5527	14
5528	14
5529	20
5530	16
5531	10
5532	8
5533	15
5534	11
5535	11
5536	18
5537	10
5538	15
5539	20
5540	14
5541	14
5542	14
5543	13
5544	9
5545	16
5546	13
5547	18
5548	15
5549	13
5550	20
5551	15
5552	12
5553	11
5554	11
5555	12
5556	17
5557	13
5558	9
5559	16
5560	24
5561	9
5562	12
5563	15
5564	12
5565	10
5566	4
5567	17
5568	12
5569	21
5570	13
5571	20
5572	13
5573	14
5574	14
5575	12
5576	11
5577	15
5578	12
5579	7
5580	19
5581	14
5582	7
5583	7
5584	12
5585	13
5586	15
5587	18
5588	11
5589	17
5590	14
5591	14
5592	17
5593	13
5594	14
5595	9
5596	12
5597	14
5598	14
5599	8
5600	15
5601	12
5602	12
5603	11
5604	13
5605	19
5606	13
5607	14
5608	23
5609	16
5610	13
5611	22
5612	11
5613	15
5614	10
5615	16
5616	16
5617	20
5618	10
5619	22
5620	21
5621	16
5622	19
5623	17
5624	12
5625	14
5626	14
5627	13
5628	15
5629	20
5630	12
5631	12
5632	8
5633	11
5634	15
5635	19
5636	18
5637	14
5638	12
5639	14
5640	22
5641	10
5642	12
5643	15
5644	16
5645	17
5646	23
5647	11
5648	18
5649	17
5650	17
5651	17
5652	15
5653	23
5654	17
5655	23
5656	17
5657	21
5658	13
5659	20
5660	18
5661	27
5662	8
5663	11
5664	19
5665	17
5666	22
5667	19
5668	21
5669	16
5670	9
5671	18
5672	17
5673	22
5674	17
5675	17
5676	15
5677	27
5678	15
5679	22
5680	19
5681	14
5682	21
5683	17
5684	27
5685	24
5686	17
5687	21
5688	23
5689	20
5690	15
5691	29
5692	21
5693	27
5694	29
5695	32
5696	31
5697	30
5698	21
5699	20
5700	19
5701	23
5702	32
5703	25
5704	22
5705	19
5706	23
5707	19
5708	26
5709	25
5710	17
5711	20
5712	22
5713	26
5714	29
5715	16
5716	21
5717	18
5718	27
5719	21
5720	26
5721	22
5722	16
5723	22
5724	26
5725	27
5726	29
5727	29
5728	29
5729	17
5730	20
5731	29
5732	24
5733	22
5734	22
5735	21
5736	21
5737	25
5738	24
5739	29
5740	17
5741	18
5742	34
5743	22
5744	32
5745	27
5746	22
5747	20
5748	18
5749	31
5750	20
5751	29
5752	25
5753	30
5754	25
5755	24
5756	22
5757	38
5758	27
5759	32
5760	21
5761	27
5762	24
5763	34
5764	19
5765	24
5766	26
5767	20
5768	30
5769	27
5770	14
5771	23
5772	25
5773	34
5774	34
5775	22
5776	29
5777	34
5778	35
5779	26
5780	37
5781	30
5782	26
5783	29
5784	33
5785	20
5786	24
5787	19
5788	37
5789	22
5790	21
5791	35
5792	38
5793	42
5794	24
5795	32
5796	36
5797	25
5798	31
5799	28
5800	34
5801	31
5802	40
5803	27
5804	28
5805	28
5806	36
5807	33
5808	35
5809	35
5810	22
5811	34
5812	28
5813	26
5814	36
5815	30
5816	34
5817	35
5818	32
5819	37
5820	31
5821	26
5822	33
5823	38
5824	28
5825	26
5826	28
5827	42
5828	34
5829	27
5830	22
5831	34
5832	37
5833	22
5834	37
5835	35
5836	34
5837	47
5838	38
5839	41
5840	32
5841	31
5842	27
5843	33
5844	38
5845	33
5846	28
5847	26
5848	39
5849	47
5850	28
5851	31
5852	39
5853	29
5854	33
5855	34
5856	34
5857	37
5858	38
5859	39
5860	32
5861	43
5862	32
5863	40
5864	38
5865	32
5866	37
5867	29
5868	24
5869	27
5870	28
5871	26
5872	30
5873	24
5874	37
5875	28
5876	29
5877	20
5878	40
5879	43
5880	36
5881	29
5882	28
5883	36
5884	28
5885	27
5886	27
5887	42
5888	35
5889	29
5890	31
5891	36
5892	24
5893	34
5894	35
5895	34
5896	31
5897	34
5898	41
5899	34
5900	30
5901	33
5902	44
5903	22
5904	35
5905	20
5906	39
5907	28
5908	37
5909	22
5910	38
5911	29
5912	29
5913	30
5914	41
5915	33
5916	38
5917	24
5918	34
5919	29
5920	35
5921	40
5922	31
5923	33
5924	36
5925	33
5926	39
5927	27
5928	45
5929	28
5930	36
5931	31
5932	24
5933	29
5934	26
5935	38
5936	41
5937	34
5938	32
5939	25
5940	32
5941	33
5942	32
5943	39
5944	38
5945	28
5946	33
5947	29
5948	18
5949	26
5950	28
5951	21
5952	34
5953	28
5954	31
5955	37
5956	23
5957	40
5958	34
5959	32
5960	30
5961	27
5962	26
5963	25
5964	26
5965	34
5966	20
5967	28
5968	40
5969	22
5970	40
5971	23
5972	25
5973	28
5974	30
5975	19
5976	38
5977	28
5978	31
5979	28
5980	27
5981	27
5982	30
5983	37
5984	33
5985	32
5986	32
5987	21
5988	34
5989	24
5990	39
5991	28
5992	20
5993	33
5994	29
5995	31
5996	22
5997	27
5998	30
5999	19
6000	23
6001	27
6002	30
6003	24
6004	30
6005	28
6006	30
6007	32
6008	24
6009	25
6010	22
6011	20
6012	35
6013	31
6014	33
6015	24
6016	27
6017	22
6018	24
6019	27
6020	36
6021	22
6022	28
6023	19
6024	23
6025	30
6026	35
6027	22
6028	24
6029	16
6030	26
6031	23
6032	29
6033	23
6034	28
6035	13
6036	18
6037	26
6038	22
6039	29
6040	33
6041	24
6042	28
6043	31
6044	15
6045	26
6046	19
6047	32
6048	29
6049	26
6050	16
6051	24
6052	22
6053	26
6054	22
6055	27
6056	24
6057	28
6058	21
6059	22
6060	16
6061	20
6062	21
6063	28
6064	22
6065	21
6066	17
6067	11
6068	20
6069	18
6070	16
6071	24
6072	19
6073	23
6074	21
6075	16
6076	21
6077	25
6078	18
6079	24
6080	21
6081	23
6082	18
6083	26
6084	25
6085	19
6086	16
6087	20
6088	23
6089	18
6090	23
6091	13
6092	21
6093	14
6094	21
6095	21
6096	18
6097	20
6098	19
6099	15
6100	19
6101	24
6102	16
6103	20
6104	17
6105	18
6106	17
6107	17
6108	12
6109	16
6110	18
6111	22
6112	12
6113	15
6114	16
6115	7
6116	9
6117	20
6118	18
6119	8
6120	17
6121	15
6122	14
6123	15
6124	16
6125	10
6126	18
6127	16
6128	16
6129	18
6130	17
6131	20
6132	18
6133	14
6134	10
6135	12
6136	14
6137	7
6138	14
6139	18
6140	23
6141	12
6142	9
6143	10
6144	16
6145	15
6146	10
6147	16
6148	15
6149	15
6150	10
6151	19
6152	18
6153	10
6154	9
6155	13
6156	17
6157	16
6158	7
6159	12
6160	10
6161	11
6162	9
6163	15
6164	11
6165	4
6166	9
6167	15
6168	9
6169	7
6170	10
6171	15
6172	18
6173	8
6174	13
6175	16
6176	10
6177	6
6178	8
6179	7
6180	18
6181	12
6182	11
6183	11
6184	5
6185	11
6186	7
6187	14
6188	12
6189	12
6190	5
6191	10
6192	4
6193	7
6194	13
6195	10
6196	10
6197	9
6198	14
6199	9
6200	7
6201	15
6202	8
6203	9
6204	11
6205	7
6206	7
6207	5
6208	5
6209	6
6210	8
6211	11
6212	5
6213	10
6214	11
6215	14
6216	14
6217	7
6218	13
6219	13
6220	9
6221	9
6222	6
6223	7
6224	9
6225	6
6226	9
6227	9
6228	10
6229	8
6230	8
6231	9
6232	9
6233	11
6234	5
6235	3
6236	11
6237	6
6238	3
6239	7
6240	9
6241	5
6242	5
6243	11
6244	8
6245	5
6246	9
6247	10
6248	11
6249	9
6250	6
6251	7
6252	7
6253	4
6254	8
6255	3
6256	4
6257	4
6258	12
6259	4
6260	8
6261	5
6262	3
6263	9
6264	3
6265	4
6266	7
6267	7
6268	8
6269	5
6270	7
6271	5
6272	5
6273	8
6274	6
6275	5
6276	7
6277	2
6278	10
6279	2
6280	9
6281	8
6282	10
6283	7
6284	9
6285	7
6286	6
6287	4
6288	10
6289	4
6290	5
6291	6
6292	8
6293	7
6294	10
6295	6
6296	8
6297	5
6298	10
6299	6
6300	5
6301	6
6302	10
6303	3
6304	5
6305	5
6306	11
6307	5
6308	6
6309	2
6310	5
6311	5
6312	5
6313	9
6314	6
6315	7
6316	6
6317	2
6318	5
6319	4
6320	6
6321	9
6322	3
6323	4
6324	8
6325	4
6326	5
6327	9
6328	8
6329	5
6330	2
6331	4
6332	2
6333	4
6334	5
6335	9
6336	5
6337	2
6338	6
6339	5
6340	5
6341	4
6342	4
6343	12
6344	3
6345	4
6346	3
6347	7
6348	6
6349	2
6350	6
6351	4
6352	4
6353	7
6354	8
6355	8
6356	3
6357	8
6358	7
6359	3
6360	5
6361	2
6362	9
6363	3
6364	9
6365	6
6366	8
6367	5
6368	11
6369	3
6370	5
6371	6
6372	5
6373	3
6374	5
6375	4
6376	7
6377	6
6378	3
6379	8
6380	6
6381	4
6382	1
6383	4
6384	2
6385	3
6386	5
6387	6
6388	5
6389	4
6390	3
6391	4
6392	3
6393	6
6394	4
6395	4
6396	5
6397	2
6398	7
6399	7
6400	3
6401	10
6402	3
6403	5
6404	6
6405	2
6406	6
6407	2
6408	2
6409	4
6410	5
6411	6
6412	7
6413	8
6414	3
6415	4
6416	6
6417	5
6418	5
6419	6
6420	7
6421	4
6422	2
6423	8
6424	4
6425	5
6426	2
6427	1
6428	1
6429	4
6430	4
6431	5
6432	4
6433	4
6434	3
6435	2
6436	7
6437	3
6438	1
6439	3
6440	2
6441	1
6442	2
6443	6
6444	5
6445	3
6446	4
6447	1
6448	9
6449	6
6450	3
6451	6
6452	8
6453	6
6454	3
6455	9
6456	4
6457	5
6458	5
6459	7
6460	3
6461	8
6462	3
6463	7
6464	4
6465	6
6466	7
6467	7
6468	2
6469	2
6470	3
6471	9
6472	1
6473	9
6474	5
6475	2
6476	9
6477	3
6478	6
6479	6
6480	3
6481	9
6482	4
6483	5
6484	3
6485	4
6486	6
6487	2
6488	6
6489	8
6490	5
6491	4
6492	3
6493	5
6494	8
6495	2
6496	2
6497	5
6498	7
6499	3
6500	5
6501	4
6502	7
6503	2
6504	0
6505	6
6506	9
6507	2
6508	4
6509	4
6510	3
6511	1
6512	5
6513	4
6514	3
6515	4
6516	5
6517	2
6518	5
6519	1
6520	7
6521	4
6522	4
6523	9
6524	6
6525	1
6526	2
6527	5
6528	4
6529	5
6530	7
6531	5
6532	4
6533	4
6534	4
6535	4
6536	6
6537	10
6538	4
6539	7
6540	3
6541	3
6542	7
6543	6
6544	5
6545	3
6546	5
6547	3
6548	3
6549	9
6550	3
6551	7
6552	3
6553	4
6554	3
6555	5
6556	2
6557	1
6558	7
6559	8
6560	2
6561	6
6562	4
6563	8
6564	2
6565	1
6566	3
6567	8
6568	2
6569	6
6570	1
6571	4
6572	3
6573	4
6574	2
6575	5
6576	4
6577	4
6578	2
6579	7
6580	2
6581	1
6582	4
6583	3
6584	3
6585	4
6586	5
6587	5
6588	3
6589	7
6590	6
6591	1
6592	3
6593	8
6594	6
6595	1
6596	6
6597	6
6598	3
6599	3
6600	7
6601	6
6602	4
6603	3
6604	4
6605	1
6606	1
6607	2
6608	2
6609	3
6610	5
6611	3
6612	4
6613	2
6614	3
6615	7
6616	2
6617	2
6618	2
6619	4
6620	1
6621	2
6622	2
6623	2
6624	0
6625	2
6626	3
6627	1
6628	5
6629	4
6630	3
6631	5
6632	2
6633	3
6634	3
6635	5
6636	2
6637	0
6638	5
6639	2
6640	5
6641	2
6642	2
6643	6
6644	5
6645	7
6646	2
6647	1
6648	3
6649	3
6650	5
6651	2
6652	2
6653	3
6654	7
6655	1
6656	6
6657	1
6658	3
6659	2
6660	2
6661	5
6662	6
6663	5
6664	2
6665	5
6666	8
6667	3
6668	5
6669	3
6670	3
6671	4
6672	3
6673	0
6674	2
6675	5
6676	0
6677	7
6678	2
6679	2
6680	2
6681	0
6682	1
6683	4
6684	1
6685	2
6686	7
6687	4
6688	2
6689	5
6690	5
6691	6
6692	7
6693	3
6694	4
6695	3
6696	2
6697	5
6698	2
6699	6
6700	3
6701	1
6702	4
6703	4
6704	5
6705	4
6706	5
6707	5
6708	1
6709	3
6710	3
6711	6
6712	5
6713	3
6714	1
6715	9
6716	7
6717	4
6718	3
6719	2
6720	4
6721	2
6722	1
6723	1
6724	0
6725	2
6726	5
6727	4
6728	4
6729	0
6730	2
6731	8
6732	4
6733	4
6734	3
6735	1
6736	5
6737	5
6738	1
6739	4
6740	5
6741	3
6742	4
6743	4
6744	3
6745	3
6746	3
6747	4
6748	5
6749	3
6750	3
6751	1
6752	7
6753	1
6754	3
6755	1
6756	6
6757	9
6758	2
6759	6
6760	8
6761	5
6762	2
6763	4
6764	3
6765	4
6766	2
6767	4
6768	7
6769	3
6770	2
6771	3
6772	1
6773	6
6774	6
6775	4
6776	1
6777	1
6778	3
6779	5
6780	1
6781	0
6782	1
6783	3
6784	2
6785	2
6786	0
6787	6
6788	3
6789	4
6790	5
6791	1
6792	3
6793	5
6794	6
6795	2
6796	1
6797	5
6798	7
6799	3
6800	2
6801	3
6802	2
6803	2
6804	2
6805	5
6806	3
6807	2
6808	2
6809	3
6810	2
6811	5
6812	6
6813	5
6814	4
6815	1
6816	2
6817	1
6818	5
6819	3
6820	2
6821	5
6822	1
6823	3
6824	2
6825	2
6826	1
6827	3
6828	2
6829	3
6830	3
6831	5
6832	2
6833	3
6834	3
6835	5
6836	2
6837	8
6838	4
6839	0
6840	1
6841	4
6842	4
6843	4
6844	3
6845	3
6846	3
6847	3
6848	4
6849	3
6850	5
6851	4
6852	2
6853	1
6854	5
6855	3
6856	6
6857	5
6858	4
6859	4
6860	3
6861	4
6862	6
6863	4
6864	4
6865	3
6866	5
6867	2
6868	1
6869	5
6870	5
6871	1
6872	3
6873	4
6874	5
6875	3
6876	3
6877	3
6878	4
6879	1
6880	3
6881	4
6882	1
6883	3
6884	2
6885	2
6886	2
6887	4
6888	3
6889	2
6890	2
6891	0
6892	4
6893	4
6894	4
6895	6
6896	2
6897	5
6898	4
6899	3
6900	3
6901	4
6902	3
6903	6
6904	6
6905	5
6906	2
6907	8
6908	3
6909	3
6910	2
6911	3
6912	3
6913	3
6914	2
6915	3
6916	5
6917	2
6918	4
6919	4
6920	2
6921	4
6922	2
6923	2
6924	4
6925	2
6926	3
6927	1
6928	1
6929	1
6930	4
6931	5
6932	8
6933	2
6934	4
6935	6
6936	1
6937	1
6938	6
6939	6
6940	2
6941	5
6942	5
6943	3
6944	4
6945	2
6946	2
6947	3
6948	6
6949	4
6950	2
6951	6
6952	3
6953	6
6954	3
6955	3
6956	3
6957	2
6958	5
6959	2
6960	4
6961	1
6962	1
6963	2
6964	3
6965	5
6966	3
6967	5
6968	2
6969	3
6970	3
6971	2
6972	1
6973	4
6974	3
6975	4
6976	4
6977	3
6978	0
6979	6
6980	1
6981	2
6982	3
6983	2
6984	3
6985	7
6986	4
6987	3
6988	5
6989	4
6990	1
6991	1
6992	1
6993	0
6994	4
6995	2
6996	3
6997	4
6998	3
6999	0
7000	2
7001	6
7002	0
7003	1
7004	2
7005	2
7006	3
7007	3
7008	5
7009	2
7010	2
7011	2
7012	5
7013	3
7014	0
7015	4
7016	5
7017	2
7018	6
7019	2
7020	2
7021	3
7022	2
7023	4
7024	6
7025	3
7026	5
7027	4
7028	3
7029	4
7030	8
7031	2
7032	2
7033	5
7034	3
7035	1
7036	3
7037	5
7038	3
7039	5
7040	2
7041	2
7042	0
7043	5
7044	4
7045	3
7046	2
7047	5
7048	4
7049	4
7050	0
7051	2
7052	3
7053	6
7054	3
7055	4
7056	1
7057	2
7058	1
7059	2
7060	4
7061	5
7062	4
7063	6
7064	3
7065	4
7066	10
7067	6
7068	0
7069	8
7070	4
7071	3
7072	3
7073	3
7074	3
7075	0
7076	1
7077	6
7078	6
7079	4
7080	1
7081	4
7082	5
7083	2
7084	8
7085	5
7086	0
7087	2
7088	1
7089	6
7090	2
7091	5
7092	5
7093	4
7094	3
7095	11
7096	7
7097	8
7098	7
7099	3
7100	5
7101	3
7102	2
7103	0
7104	1
7105	6
7106	6
7107	3
7108	4
7109	6
7110	5
7111	2
7112	1
7113	4
7114	1
7115	4
7116	2
7117	4
7118	2
7119	1
7120	4
7121	5
7122	4
7123	6
7124	2
7125	3
7126	2
7127	4
7128	7
7129	3
7130	6
7131	2
7132	9
7133	1
7134	3
7135	5
7136	5
7137	2
7138	9
7139	4
7140	1
7141	4
7142	4
7143	3
7144	6
7145	2
7146	4
7147	10
7148	5
7149	5
7150	3
7151	3
7152	5
7153	4
7154	9
7155	4
7156	5
7157	3
7158	3
7159	3
7160	4
7161	3
7162	4
7163	2
7164	4
7165	8
7166	5
7167	7
7168	3
7169	1
7170	2
7171	3
7172	3
7173	2
7174	6
7175	6
7176	0
7177	7
7178	3
7179	3
7180	7
7181	4
7182	3
7183	6
7184	4
7185	5
7186	9
7187	8
7188	5
7189	5
7190	7
7191	6
7192	9
7193	13
7194	8
7195	13
7196	4
7197	5
7198	2
7199	7
7200	3
7201	6
7202	6
7203	5
7204	7
7205	8
7206	4
7207	2
7208	7
7209	7
7210	4
7211	8
7212	3
7213	8
7214	3
7215	6
7216	5
7217	4
7218	6
7219	6
7220	5
7221	4
7222	9
7223	6
7224	4
7225	5
7226	6
7227	5
7228	14
7229	13
7230	6
7231	9
7232	8
7233	10
7234	8
7235	5
7236	13
7237	6
7238	6
7239	2
7240	8
7241	8
7242	6
7243	8
7244	6
7245	5
7246	3
7247	11
7248	12
7249	2
7250	9
7251	8
7252	9
7253	11
7254	8
7255	7
7256	8
7257	3
7258	6
7259	3
7260	8
7261	7
7262	4
7263	9
7264	6
7265	13
7266	7
7267	13
7268	3
7269	4
7270	2
7271	7
7272	5
7273	8
7274	7
7275	7
7276	7
7277	5
7278	13
7279	10
7280	4
7281	4
7282	3
7283	6
7284	6
7285	17
7286	8
7287	6
7288	4
7289	7
7290	8
7291	7
7292	7
7293	8
7294	8
7295	9
7296	6
7297	11
7298	9
7299	7
7300	5
7301	7
7302	14
7303	9
7304	6
7305	12
7306	13
7307	7
7308	8
7309	13
7310	11
7311	10
7312	4
7313	8
7314	11
7315	7
7316	10
7317	11
7318	14
7319	10
7320	6
7321	9
7322	13
7323	7
7324	9
7325	13
7326	8
7327	11
7328	9
7329	8
7330	8
7331	18
7332	9
7333	12
7334	12
7335	9
7336	8
7337	8
7338	11
7339	16
7340	17
7341	11
7342	13
7343	16
7344	10
7345	8
7346	16
7347	6
7348	11
7349	14
7350	13
7351	9
7352	5
7353	16
7354	14
7355	15
7356	9
7357	16
7358	8
7359	20
7360	10
7361	14
7362	13
7363	11
7364	16
7365	15
7366	10
7367	18
7368	12
7369	15
7370	7
7371	10
7372	8
7373	12
7374	10
7375	18
7376	10
7377	12
7378	20
7379	13
7380	16
7381	21
7382	5
7383	12
7384	12
7385	13
7386	16
7387	13
7388	9
7389	10
7390	10
7391	10
7392	9
7393	15
7394	10
7395	17
7396	9
7397	8
7398	15
7399	7
7400	14
7401	16
7402	14
7403	21
7404	13
7405	14
7406	17
7407	17
7408	17
7409	12
7410	25
7411	13
7412	16
7413	14
7414	15
7415	14
7416	14
7417	19
7418	12
7419	17
7420	19
7421	13
7422	11
7423	13
7424	13
7425	16
7426	7
7427	21
7428	15
7429	18
7430	13
7431	17
7432	9
7433	13
7434	14
7435	13
7436	10
7437	10
7438	19
7439	17
7440	12
7441	14
7442	16
7443	12
7444	7
7445	12
7446	16
7447	18
7448	13
7449	22
7450	15
7451	20
7452	16
7453	8
7454	21
7455	14
7456	17
7457	15
7458	12
7459	10
7460	13
7461	15
7462	12
7463	11
7464	11
7465	14
7466	16
7467	17
7468	20
7469	19
7470	15
7471	25
7472	23
7473	20
7474	19
7475	24
7476	15
7477	18
7478	16
7479	16
7480	11
7481	12
7482	20
7483	13
7484	12
7485	17
7486	15
7487	21
7488	17
7489	17
7490	15
7491	16
7492	19
7493	19
7494	11
7495	13
7496	14
7497	17
7498	22
7499	15
7500	10
7501	13
7502	10
7503	16
7504	16
7505	11
7506	17
7507	19
7508	8
7509	8
7510	18
7511	15
7512	22
7513	13
7514	12
7515	18
7516	14
7517	16
7518	23
7519	11
7520	13
7521	17
7522	18
7523	14
7524	20
7525	12
7526	10
7527	18
7528	15
7529	16
7530	10
7531	11
7532	17
7533	16
7534	14
7535	17
7536	19
7537	22
7538	12
7539	10
7540	25
7541	7
7542	15
7543	24
7544	15
7545	16
7546	11
7547	14
7548	14
7549	15
7550	11
7551	6
7552	16
7553	11
7554	12
7555	13
7556	22
7557	13
7558	18
7559	17
7560	19
7561	16
7562	22
7563	23
7564	15
7565	20
7566	14
7567	13
7568	12
7569	12
7570	18
7571	18
7572	13
7573	17
7574	13
7575	13
7576	11
7577	15
7578	12
7579	10
7580	14
7581	12
7582	18
7583	13
7584	13
7585	18
7586	6
7587	11
7588	8
7589	7
7590	11
7591	13
7592	10
7593	11
7594	16
7595	20
7596	16
7597	14
7598	8
7599	11
7600	12
7601	15
7602	8
7603	12
7604	9
7605	13
7606	9
7607	19
7608	10
7609	16
7610	13
7611	14
7612	19
7613	12
7614	15
7615	21
7616	13
7617	12
7618	9
7619	12
7620	5
7621	15
7622	14
7623	13
7624	14
7625	14
7626	14
7627	18
7628	11
7629	18
7630	10
7631	12
7632	12
7633	10
7634	12
7635	14
7636	19
7637	7
7638	9
7639	9
7640	8
7641	17
7642	6
7643	8
7644	19
7645	8
7646	12
7647	8
7648	7
7649	11
7650	8
7651	15
7652	5
7653	9
7654	15
7655	9
7656	11
7657	18
7658	10
7659	4
7660	9
7661	6
7662	9
7663	9
7664	10
7665	10
7666	12
7667	14
7668	11
7669	8
7670	6
7671	11
7672	4
7673	9
7674	14
7675	7
7676	4
7677	10
7678	14
7679	7
7680	9
7681	8
7682	8
7683	8
7684	9
7685	8
7686	13
7687	8
7688	9
7689	6
7690	11
7691	10
7692	12
7693	8
7694	7
7695	6
7696	9
7697	7
7698	9
7699	10
7700	7
7701	8
7702	11
7703	13
7704	7
7705	5
7706	3
7707	5
7708	10
7709	6
7710	10
7711	9
7712	7
7713	5
7714	9
7715	8
7716	10
7717	12
7718	5
7719	15
7720	6
7721	4
7722	13
7723	9
7724	12
7725	9
7726	14
7727	7
7728	10
7729	4
7730	4
7731	8
7732	9
7733	1
7734	8
7735	4
7736	5
7737	8
7738	6
7739	7
7740	5
7741	5
7742	13
7743	9
7744	10
7745	3
7746	3
7747	5
7748	6
7749	8
7750	7
7751	9
7752	2
7753	3
7754	5
7755	5
7756	4
7757	4
7758	5
7759	5
7760	3
7761	5
7762	5
7763	6
7764	9
7765	2
7766	6
7767	2
7768	5
7769	10
7770	8
7771	3
7772	8
7773	8
7774	2
7775	6
7776	1
7777	7
7778	4
7779	10
7780	7
7781	5
7782	1
7783	4
7784	4
7785	5
7786	4
7787	4
7788	2
7789	3
7790	7
7791	4
7792	3
7793	7
7794	6
7795	3
7796	5
7797	4
7798	5
7799	7
7800	4
7801	2
7802	5
7803	5
7804	2
7805	7
7806	4
7807	6
7808	5
7809	1
7810	6
7811	3
7812	1
7813	5
7814	6
7815	2
7816	1
7817	5
7818	6
7819	1
7820	5
7821	3
7822	4
7823	3
7824	3
7825	1
7826	2
7827	5
7828	3
7829	4
7830	4
7831	5
7832	1
7833	4
7834	4
7835	4
7836	0
7837	2
7838	2
7839	2
7840	4
7841	8
7842	1
7843	4
7844	3
7845	2
7846	4
7847	2
7848	1
7849	2
7850	4
7851	4
7852	4
7853	4
7854	2
7855	7
7856	5
7857	3
7858	1
7859	4
7860	4
7861	3
7862	3
7863	3
7864	2
7865	0
7866	1
7867	3
7868	2
7869	1
7870	4
7871	3
7872	2
7873	3
7874	2
7875	4
7876	2
7877	2
7878	2
7879	1
7880	3
7881	1
7882	2
7883	2
7884	1
7885	3
7886	4
7887	2
7888	2
7889	2
7890	2
7891	4
7892	0
7893	1
7894	1
7895	0
7896	0
7897	2
7898	4
7899	3
7900	2
7901	0
7902	0
7903	3
7904	1
7905	2
7906	1
7907	1
7908	4
7909	2
7910	2
7911	3
7912	1
7913	3
7914	1
7915	3
7916	4
7917	2
7918	0
7919	0
7920	1
7921	2
7922	1
7923	1
7924	1
7925	2
7926	1
7927	1
7928	1
7929	1
7930	0
7931	3
7932	0
7933	0
7934	2
7935	2
7936	1
7937	3
7938	3
7939	0
7940	1
7941	2
7942	0
7943	1
7944	1
7945	2
7946	0
7947	2
7948	2
7949	2
7950	1
7951	1
7952	0
7953	2
7954	3
7955	1
7956	1
7957	2
7958	3
7959	1
7960	0
7961	3
7962	2
7963	0
7964	1
7965	1
7966	1
7967	0
7968	1
7969	2
7970	0
7971	3
7972	1
7973	1
7974	1
7975	2
7976	1
7977	2
7978	1
7979	2
7980	1
7981	1
7982	1
7983	1
7984	0
7985	1
7986	3
7987	1
7988	2
7989	1
7990	0
7991	0
7992	1
7993	0
7994	1
7995	0
7996	1
7997	1
7998	0
7999	1
8000	0
8001	0
8002	0
8003	3
8004	2
8005	0
8006	1
8007	2
8008	1
8009	1
8010	2
8011	0
8012	2
8013	0
8014	3
8015	0
8016	0
8017	1
8018	0
8019	2
8020	2
8021	2
8022	1
8023	1
8024	0
8025	2
8026	0
8027	1
8028	1
8029	0
8030	0
8031	0
8032	0
8033	0
8034	0
8035	1
8036	0
8037	0
8038	0
8039	1
8040	0
8041	0
8042	0
8043	0
8044	1
8045	1
8046	2
8047	0
8048	0
8049	0
8050	1
8051	0
8052	0
8053	2
8054	0
8055	1
8056	1
8057	1
8058	2
8059	1
8060	0
8061	3
8062	0
8063	0
8064	1
8065	0
8066	0
8067	1
8068	0
8069	0
8070	0
8071	0
8072	1
8073	0
8074	0
8075	1
8076	1
8077	2
8078	0
8079	1
8080	0
8081	0
8082	0
8083	0
8084	1
8085	1
8086	2
8087	1
8088	0
8089	1
8090	0
8091	1
8092	2
8093	0
8094	0
8095	1
8096	0
8097	0
8098	0
8099	0
8100	0
8101	0
8102	0
8103	0
8104	0
8105	0
8106	0
8107	0
8108	0
8109	0
8110	0
8111	0
8112	0
8113	0
8114	0
8115	0
8116	0
8117	0
8118	0
8119	0
8120	0
8121	0
8122	0
8123	0
8124	0
8125	0
8126	0
8127	0
8128	0
8129	0
8130	0
8131	0
8132	0
8133	0
8134	0
8135	0
8136	0
8137	0
8138	0
8139	0
8140	0
8141	0
8142	0
8143	0
8144	0
8145	0
8146	0
8147	0
8148	0
8149	0
8150	0
8151	0
8152	0
8153	0
8154	0
8155	0
8156	0
8157	0
8158	0
8159	0
8160	0
8161	0
8162	0
8163	0
8164	0
8165	0
8166	0
8167	0
8168	0
8169	0
8170	0
8171	0
8172	0
8173	0
8174	0
8175	0
8176	0
8177	0
8178	0
8179	0
8180	0
8181	0
8182	0
8183	0
8184	0
8185	0
8186	0
8187	0
8188	0
8189	0
8190	0
8191	0
