0	0
1	0
2	0
3	0
4	0
5	0
6	0
7	0
8	0
9	0
10	0
11	0
12	0
13	0
14	0
15	0
16	0
17	0
18	0
19	0
20	0
21	0
22	0
23	0
24	0
25	0
26	0
27	0
28	0
29	0
30	0
31	0
32	0
33	0
34	0
35	0
36	0
37	0
38	0
39	0
40	0
41	0
42	0
43	0
44	0
45	0
46	0
47	0
48	0
49	0
50	0
51	0
52	0
53	0
54	0
55	0
56	0
57	0
58	0
59	0
60	0
61	0
62	0
63	0
64	0
65	0
66	0
67	0
68	0
69	0
70	0
71	0
72	0
73	0
74	0
75	0
76	0
77	0
78	0
79	0
80	0
81	0
82	0
83	0
84	0
85	0
86	0
87	0
88	0
89	0
90	0
91	0
92	0
93	0
94	0
95	0
96	0
97	0
98	0
99	0
100	0
101	0
102	0
103	0
104	0
105	0
106	0
107	0
108	0
109	0
110	0
111	0
112	0
113	0
114	0
115	0
116	0
117	0
118	0
119	0
120	0
121	0
122	0
123	0
124	0
125	0
126	0
127	0
128	1
129	0
130	0
131	1
132	3
133	1
134	8
135	6
136	17
137	13
138	16
139	9
140	15
141	18
142	13
143	19
144	12
145	18
146	15
147	10
148	15
149	13
150	17
151	18
152	8
153	15
154	9
155	9
156	10
157	15
158	11
159	11
160	12
161	7
162	13
163	13
164	11
165	14
166	14
167	9
168	15
169	12
170	16
171	16
172	11
173	12
174	10
175	21
176	14
177	13
178	21
179	14
180	16
181	14
182	10
183	15
184	13
185	21
186	18
187	11
188	17
189	13
190	20
191	11
192	14
193	14
194	14
195	14
196	12
197	18
198	17
199	16
200	15
201	9
202	14
203	11
204	13
205	13
206	17
207	17
208	21
209	10
210	9
211	11
212	16
213	19
214	12
215	15
216	15
217	23
218	15
219	11
220	16
221	17
222	17
223	14
224	18
225	15
226	24
227	14
228	17
229	14
230	23
231	13
232	19
233	18
234	14
235	20
236	23
237	15
238	21
239	20
240	17
241	17
242	12
243	19
244	17
245	14
246	14
247	20
248	21
249	19
250	15
251	19
252	10
253	20
254	12
255	18
256	21
257	16
258	12
259	22
260	13
261	11
262	18
263	13
264	22
265	12
266	14
267	35
268	18
269	22
270	21
271	11
272	11
273	26
274	20
275	17
276	20
277	20
278	23
279	26
280	14
281	18
282	26
283	13
284	19
285	18
286	20
287	22
288	17
289	15
290	18
291	24
292	18
293	29
294	26
295	22
296	25
297	15
298	19
299	26
300	27
301	20
302	23
303	24
304	19
305	13
306	18
307	17
308	25
309	34
310	26
311	21
312	17
313	30
314	36
315	24
316	21
317	17
318	23
319	18
320	20
321	31
322	28
323	29
324	20
325	21
326	24
327	24
328	36
329	36
330	23
331	24
332	22
333	21
334	17
335	25
336	21
337	26
338	26
339	15
340	22
341	25
342	19
343	34
344	45
345	37
346	26
347	27
348	33
349	32
350	22
351	24
352	32
353	32
354	39
355	31
356	36
357	35
358	25
359	25
360	36
361	39
362	37
363	28
364	31
365	42
366	44
367	37
368	37
369	37
370	36
371	42
372	36
373	38
374	38
375	42
376	40
377	29
378	31
379	34
380	34
381	40
382	27
383	45
384	42
385	33
386	34
387	44
388	44
389	44
390	50
391	33
392	38
393	44
394	30
395	42
396	38
397	40
398	43
399	30
400	48
401	33
402	57
403	53
404	45
405	37
406	38
407	45
408	37
409	39
410	48
411	43
412	59
413	41
414	47
415	67
416	47
417	58
418	55
419	38
420	42
421	42
422	55
423	48
424	56
425	46
426	51
427	52
428	44
429	55
430	54
431	59
432	54
433	45
434	45
435	52
436	48
437	48
438	62
439	63
440	58
441	50
442	51
443	52
444	55
445	62
446	64
447	43
448	54
449	42
450	56
451	56
452	55
453	47
454	48
455	53
456	45
457	49
458	52
459	45
460	49
461	51
462	51
463	58
464	50
465	53
466	56
467	36
468	40
469	44
470	37
471	65
472	41
473	47
474	56
475	41
476	46
477	60
478	41
479	45
480	46
481	69
482	57
483	40
484	34
485	56
486	45
487	51
488	53
489	44
490	46
491	56
492	51
493	71
494	46
495	51
496	55
497	45
498	51
499	38
500	51
501	45
502	47
503	41
504	67
505	60
506	45
507	50
508	45
509	49
510	46
511	45
512	42
513	39
514	50
515	46
516	50
517	50
518	45
519	36
520	48
521	54
522	39
523	43
524	55
525	62
526	38
527	47
528	40
529	51
530	53
531	43
532	53
533	59
534	46
535	37
536	39
537	58
538	50
539	47
540	52
541	44
542	42
543	43
544	47
545	41
546	56
547	51
548	49
549	44
550	46
551	41
552	45
553	52
554	54
555	66
556	43
557	52
558	51
559	44
560	44
561	40
562	44
563	35
564	56
565	48
566	44
567	49
568	49
569	43
570	35
571	49
572	49
573	44
574	50
575	52
576	35
577	52
578	63
579	49
580	51
581	45
582	46
583	43
584	54
585	44
586	43
587	54
588	43
589	50
590	44
591	56
592	54
593	41
594	41
595	51
596	46
597	48
598	51
599	35
600	47
601	49
602	42
603	52
604	48
605	36
606	49
607	63
608	66
609	40
610	49
611	39
612	47
613	69
614	58
615	44
616	37
617	34
618	45
619	42
620	42
621	51
622	49
623	49
624	42
625	52
626	44
627	44
628	43
629	44
630	44
631	46
632	40
633	41
634	50
635	46
636	66
637	44
638	49
639	47
640	47
641	47
642	39
643	43
644	53
645	55
646	38
647	59
648	45
649	32
650	48
651	47
652	42
653	47
654	34
655	48
656	53
657	62
658	53
659	36
660	45
661	53
662	50
663	37
664	45
665	42
666	34
667	45
668	49
669	42
670	41
671	35
672	43
673	48
674	38
675	42
676	48
677	36
678	48
679	43
680	40
681	42
682	36
683	41
684	37
685	44
686	46
687	40
688	40
689	49
690	47
691	40
692	52
693	46
694	49
695	41
696	49
697	45
698	44
699	39
700	48
701	39
702	42
703	45
704	57
705	41
706	41
707	48
708	53
709	35
710	42
711	53
712	47
713	42
714	40
715	36
716	40
717	39
718	38
719	49
720	36
721	42
722	45
723	48
724	31
725	35
726	31
727	48
728	48
729	46
730	42
731	32
732	33
733	32
734	42
735	50
736	30
737	40
738	36
739	37
740	40
741	36
742	44
743	41
744	54
745	42
746	38
747	40
748	42
749	33
750	47
751	48
752	47
753	44
754	45
755	34
756	40
757	41
758	46
759	34
760	37
761	30
762	43
763	38
764	44
765	45
766	40
767	39
768	34
769	37
770	40
771	39
772	47
773	35
774	39
775	46
776	33
777	45
778	35
779	31
780	42
781	27
782	49
783	22
784	32
785	38
786	19
787	36
788	41
789	28
790	39
791	41
792	42
793	39
794	37
795	38
796	39
797	36
798	50
799	36
800	52
801	41
802	40
803	31
804	33
805	41
806	33
807	40
808	44
809	38
810	41
811	34
812	38
813	34
814	33
815	43
816	35
817	40
818	32
819	41
820	45
821	50
822	43
823	36
824	32
825	35
826	34
827	46
828	37
829	31
830	34
831	45
832	43
833	49
834	34
835	35
836	22
837	32
838	37
839	44
840	31
841	38
842	42
843	39
844	32
845	39
846	33
847	42
848	37
849	36
850	39
851	31
852	34
853	29
854	37
855	25
856	36
857	39
858	38
859	44
860	32
861	34
862	42
863	37
864	33
865	30
866	38
867	42
868	37
869	30
870	33
871	31
872	42
873	40
874	31
875	31
876	34
877	31
878	29
879	29
880	40
881	32
882	33
883	43
884	25
885	40
886	35
887	40
888	36
889	35
890	31
891	36
892	37
893	29
894	40
895	37
896	38
897	36
898	31
899	27
900	36
901	30
902	28
903	36
904	29
905	31
906	42
907	30
908	35
909	23
910	39
911	28
912	29
913	31
914	33
915	39
916	38
917	25
918	38
919	24
920	36
921	34
922	28
923	41
924	28
925	27
926	30
927	29
928	26
929	36
930	37
931	23
932	33
933	39
934	25
935	27
936	28
937	33
938	40
939	27
940	31
941	26
942	34
943	45
944	33
945	34
946	30
947	24
948	36
949	23
950	36
951	43
952	31
953	39
954	28
955	35
956	33
957	34
958	24
959	31
960	30
961	31
962	25
963	35
964	35
965	32
966	39
967	32
968	36
969	34
970	28
971	32
972	27
973	34
974	36
975	24
976	34
977	25
978	34
979	28
980	30
981	25
982	21
983	27
984	32
985	24
986	22
987	44
988	22
989	43
990	28
991	25
992	28
993	16
994	25
995	28
996	33
997	26
998	33
999	26
1000	26
1001	28
1002	27
1003	26
1004	36
1005	33
1006	28
1007	15
1008	24
1009	31
1010	32
1011	27
1012	37
1013	38
1014	42
1015	24
1016	30
1017	30
1018	31
1019	18
1020	26
1021	22
1022	23
1023	36
1024	21
1025	26
1026	31
1027	39
1028	29
1029	28
1030	28
1031	23
1032	32
1033	28
1034	25
1035	30
1036	23
1037	29
1038	29
1039	17
1040	27
1041	29
1042	23
1043	32
1044	30
1045	33
1046	34
1047	21
1048	22
1049	14
1050	32
1051	18
1052	31
1053	22
1054	35
1055	31
1056	24
1057	31
1058	28
1059	28
1060	33
1061	26
1062	31
1063	25
1064	31
1065	24
1066	20
1067	25
1068	30
1069	24
1070	29
1071	27
1072	25
1073	28
1074	28
1075	19
1076	20
1077	25
1078	23
1079	21
1080	24
1081	28
1082	23
1083	23
1084	22
1085	32
1086	22
1087	27
1088	22
1089	28
1090	26
1091	29
1092	33
1093	31
1094	28
1095	29
1096	20
1097	22
1098	18
1099	26
1100	22
1101	23
1102	24
1103	22
1104	28
1105	29
1106	31
1107	22
1108	27
1109	36
1110	17
1111	23
1112	19
1113	24
1114	28
1115	26
1116	23
1117	29
1118	23
1119	25
1120	18
1121	20
1122	18
1123	18
1124	21
1125	20
1126	24
1127	27
1128	18
1129	26
1130	24
1131	24
1132	29
1133	20
1134	22
1135	15
1136	20
1137	26
1138	28
1139	26
1140	27
1141	15
1142	19
1143	21
1144	15
1145	28
1146	19
1147	19
1148	31
1149	21
1150	25
1151	25
1152	33
1153	28
1154	20
1155	21
1156	20
1157	22
1158	20
1159	24
1160	26
1161	28
1162	20
1163	21
1164	29
1165	22
1166	35
1167	15
1168	25
1169	27
1170	24
1171	28
1172	24
1173	19
1174	22
1175	25
1176	29
1177	28
1178	19
1179	15
1180	21
1181	25
1182	28
1183	23
1184	14
1185	13
1186	19
1187	24
1188	13
1189	28
1190	16
1191	19
1192	27
1193	24
1194	19
1195	20
1196	24
1197	21
1198	26
1199	23
1200	21
1201	22
1202	25
1203	17
1204	22
1205	19
1206	27
1207	24
1208	23
1209	15
1210	33
1211	20
1212	18
1213	19
1214	21
1215	27
1216	19
1217	24
1218	15
1219	25
1220	20
1221	19
1222	16
1223	16
1224	20
1225	21
1226	17
1227	22
1228	16
1229	19
1230	20
1231	23
1232	20
1233	13
1234	16
1235	24
1236	17
1237	16
1238	15
1239	23
1240	25
1241	17
1242	18
1243	14
1244	26
1245	17
1246	18
1247	16
1248	23
1249	24
1250	20
1251	28
1252	21
1253	13
1254	24
1255	24
1256	23
1257	25
1258	20
1259	25
1260	23
1261	25
1262	20
1263	24
1264	23
1265	17
1266	16
1267	17
1268	12
1269	21
1270	19
1271	20
1272	22
1273	21
1274	14
1275	27
1276	20
1277	23
1278	22
1279	21
1280	10
1281	21
1282	20
1283	22
1284	18
1285	17
1286	14
1287	25
1288	19
1289	20
1290	14
1291	20
1292	25
1293	16
1294	16
1295	24
1296	29
1297	25
1298	23
1299	27
1300	21
1301	23
1302	17
1303	20
1304	20
1305	21
1306	17
1307	16
1308	14
1309	28
1310	14
1311	23
1312	13
1313	19
1314	19
1315	21
1316	10
1317	18
1318	21
1319	21
1320	21
1321	21
1322	15
1323	20
1324	10
1325	20
1326	19
1327	16
1328	14
1329	14
1330	20
1331	28
1332	25
1333	21
1334	22
1335	8
1336	14
1337	24
1338	19
1339	19
1340	20
1341	24
1342	24
1343	15
1344	18
1345	20
1346	12
1347	20
1348	20
1349	26
1350	15
1351	19
1352	14
1353	25
1354	16
1355	24
1356	17
1357	23
1358	15
1359	14
1360	20
1361	19
1362	21
1363	10
1364	21
1365	18
1366	25
1367	17
1368	22
1369	19
1370	19
1371	31
1372	10
1373	16
1374	14
1375	15
1376	23
1377	16
1378	10
1379	16
1380	20
1381	18
1382	16
1383	10
1384	16
1385	10
1386	15
1387	20
1388	14
1389	9
1390	15
1391	15
1392	16
1393	13
1394	15
1395	18
1396	11
1397	14
1398	13
1399	16
1400	17
1401	15
1402	15
1403	15
1404	11
1405	16
1406	17
1407	17
1408	11
1409	17
1410	20
1411	11
1412	11
1413	12
1414	12
1415	15
1416	15
1417	13
1418	19
1419	8
1420	22
1421	17
1422	20
1423	16
1424	13
1425	17
1426	16
1427	17
1428	12
1429	10
1430	19
1431	13
1432	13
1433	10
1434	10
1435	15
1436	14
1437	18
1438	15
1439	16
1440	14
1441	18
1442	8
1443	14
1444	13
1445	11
1446	9
1447	14
1448	8
1449	17
1450	20
1451	10
1452	14
1453	10
1454	6
1455	18
1456	18
1457	9
1458	10
1459	8
1460	8
1461	20
1462	11
1463	12
1464	15
1465	18
1466	7
1467	13
1468	10
1469	12
1470	12
1471	11
1472	9
1473	13
1474	14
1475	12
1476	9
1477	19
1478	9
1479	6
1480	12
1481	10
1482	12
1483	17
1484	11
1485	20
1486	16
1487	13
1488	13
1489	14
1490	9
1491	14
1492	14
1493	10
1494	12
1495	10
1496	7
1497	15
1498	12
1499	10
1500	10
1501	12
1502	19
1503	18
1504	15
1505	15
1506	13
1507	17
1508	11
1509	11
1510	11
1511	11
1512	11
1513	11
1514	15
1515	15
1516	12
1517	12
1518	8
1519	13
1520	11
1521	12
1522	12
1523	9
1524	17
1525	17
1526	16
1527	11
1528	12
1529	12
1530	15
1531	15
1532	14
1533	18
1534	16
1535	16
1536	9
1537	9
1538	13
1539	10
1540	12
1541	15
1542	11
1543	12
1544	14
1545	12
1546	16
1547	13
1548	12
1549	10
1550	15
1551	14
1552	15
1553	10
1554	11
1555	5
1556	13
1557	11
1558	13
1559	10
1560	15
1561	14
1562	9
1563	7
1564	7
1565	11
1566	7
1567	14
1568	14
1569	13
1570	8
1571	12
1572	16
1573	9
1574	12
1575	13
1576	9
1577	18
1578	16
1579	12
1580	16
1581	12
1582	13
1583	7
1584	14
1585	14
1586	10
1587	15
1588	12
1589	9
1590	12
1591	10
1592	9
1593	8
1594	13
1595	12
1596	8
1597	10
1598	14
1599	15
1600	13
1601	11
1602	13
1603	11
1604	11
1605	10
1606	9
1607	8
1608	8
1609	10
1610	7
1611	12
1612	14
1613	14
1614	10
1615	11
1616	12
1617	9
1618	6
1619	13
1620	16
1621	8
1622	14
1623	9
1624	9
1625	15
1626	14
1627	10
1628	10
1629	16
1630	10
1631	13
1632	8
1633	9
1634	9
1635	15
1636	11
1637	13
1638	14
1639	6
1640	16
1641	10
1642	6
1643	13
1644	11
1645	9
1646	11
1647	11
1648	15
1649	8
1650	7
1651	12
1652	11
1653	7
1654	5
1655	10
1656	8
1657	9
1658	9
1659	14
1660	7
1661	10
1662	11
1663	13
1664	12
1665	14
1666	7
1667	6
1668	11
1669	8
1670	9
1671	8
1672	4
1673	9
1674	8
1675	7
1676	8
1677	11
1678	13
1679	9
1680	11
1681	9
1682	9
1683	10
1684	8
1685	11
1686	14
1687	11
1688	17
1689	10
1690	13
1691	8
1692	9
1693	6
1694	8
1695	10
1696	17
1697	11
1698	6
1699	13
1700	11
1701	8
1702	3
1703	8
1704	12
1705	4
1706	13
1707	10
1708	10
1709	10
1710	10
1711	7
1712	13
1713	11
1714	10
1715	9
1716	13
1717	4
1718	7
1719	10
1720	6
1721	11
1722	13
1723	10
1724	9
1725	9
1726	6
1727	5
1728	10
1729	6
1730	5
1731	6
1732	9
1733	7
1734	8
1735	14
1736	5
1737	11
1738	14
1739	6
1740	6
1741	9
1742	7
1743	11
1744	8
1745	7
1746	9
1747	7
1748	12
1749	8
1750	10
1751	12
1752	13
1753	16
1754	6
1755	5
1756	11
1757	11
1758	8
1759	8
1760	8
1761	10
1762	13
1763	7
1764	7
1765	9
1766	5
1767	6
1768	7
1769	11
1770	4
1771	5
1772	7
1773	9
1774	8
1775	5
1776	9
1777	8
1778	9
1779	11
1780	3
1781	5
1782	7
1783	12
1784	8
1785	9
1786	6
1787	9
1788	7
1789	6
1790	8
1791	8
1792	7
1793	12
1794	7
1795	10
1796	16
1797	5
1798	8
1799	11
1800	7
1801	4
1802	8
1803	12
1804	5
1805	9
1806	10
1807	6
1808	12
1809	10
1810	6
1811	4
1812	8
1813	8
1814	4
1815	6
1816	13
1817	7
1818	6
1819	8
1820	10
1821	12
1822	10
1823	8
1824	5
1825	6
1826	11
1827	7
1828	3
1829	6
1830	10
1831	11
1832	6
1833	8
1834	10
1835	7
1836	7
1837	11
1838	8
1839	7
1840	13
1841	8
1842	8
1843	8
1844	10
1845	5
1846	12
1847	4
1848	8
1849	14
1850	13
1851	8
1852	13
1853	5
1854	11
1855	11
1856	12
1857	8
1858	6
1859	10
1860	7
1861	10
1862	9
1863	8
1864	11
1865	8
1866	7
1867	8
1868	14
1869	11
1870	5
1871	7
1872	8
1873	5
1874	13
1875	6
1876	8
1877	8
1878	6
1879	10
1880	6
1881	9
1882	8
1883	5
1884	10
1885	4
1886	5
1887	11
1888	3
1889	6
1890	6
1891	6
1892	11
1893	5
1894	9
1895	5
1896	9
1897	8
1898	6
1899	6
1900	9
1901	5
1902	6
1903	7
1904	6
1905	5
1906	8
1907	6
1908	13
1909	9
1910	10
1911	6
1912	7
1913	8
1914	9
1915	8
1916	7
1917	9
1918	6
1919	5
1920	7
1921	11
1922	11
1923	6
1924	11
1925	6
1926	4
1927	10
1928	3
1929	10
1930	8
1931	2
1932	4
1933	12
1934	8
1935	8
1936	8
1937	3
1938	6
1939	6
1940	8
1941	6
1942	5
1943	6
1944	4
1945	8
1946	8
1947	9
1948	8
1949	12
1950	4
1951	4
1952	8
1953	10
1954	3
1955	5
1956	6
1957	5
1958	6
1959	8
1960	3
1961	2
1962	11
1963	10
1964	5
1965	11
1966	7
1967	6
1968	5
1969	8
1970	10
1971	9
1972	4
1973	13
1974	8
1975	11
1976	4
1977	7
1978	7
1979	4
1980	8
1981	7
1982	10
1983	6
1984	9
1985	11
1986	6
1987	2
1988	12
1989	4
1990	9
1991	9
1992	5
1993	3
1994	4
1995	7
1996	7
1997	10
1998	4
1999	8
2000	9
2001	6
2002	9
2003	5
2004	7
2005	4
2006	7
2007	6
2008	5
2009	10
2010	12
2011	9
2012	4
2013	4
2014	5
2015	4
2016	6
2017	6
2018	4
2019	5
2020	7
2021	2
2022	3
2023	5
2024	9
2025	7
2026	5
2027	5
2028	2
2029	10
2030	6
2031	4
2032	8
2033	9
2034	4
2035	5
2036	2
2037	5
2038	8
2039	4
2040	5
2041	6
2042	5
2043	3
2044	11
2045	3
2046	8
2047	7
2048	6
2049	3
2050	10
2051	11
2052	7
2053	10
2054	7
2055	5
2056	8
2057	7
2058	4
2059	4
2060	5
2061	6
2062	1
2063	4
2064	5
2065	3
2066	3
2067	5
2068	7
2069	0
2070	8
2071	4
2072	7
2073	5
2074	7
2075	9
2076	8
2077	7
2078	8
2079	3
2080	8
2081	6
2082	8
2083	2
2084	9
2085	7
2086	9
2087	4
2088	4
2089	3
2090	7
2091	2
2092	4
2093	3
2094	6
2095	2
2096	3
2097	4
2098	3
2099	5
2100	4
2101	4
2102	4
2103	9
2104	2
2105	3
2106	6
2107	6
2108	4
2109	5
2110	4
2111	9
2112	14
2113	8
2114	4
2115	1
2116	4
2117	5
2118	4
2119	2
2120	7
2121	5
2122	6
2123	2
2124	8
2125	2
2126	4
2127	5
2128	5
2129	6
2130	3
2131	6
2132	4
2133	1
2134	8
2135	5
2136	9
2137	1
2138	5
2139	7
2140	8
2141	7
2142	4
2143	5
2144	6
2145	8
2146	5
2147	3
2148	4
2149	2
2150	7
2151	5
2152	7
2153	4
2154	6
2155	4
2156	5
2157	6
2158	6
2159	4
2160	2
2161	2
2162	9
2163	5
2164	4
2165	6
2166	2
2167	4
2168	8
2169	4
2170	2
2171	5
2172	3
2173	4
2174	5
2175	8
2176	3
2177	7
2178	1
2179	5
2180	4
2181	3
2182	6
2183	3
2184	7
2185	4
2186	2
2187	7
2188	4
2189	9
2190	2
2191	3
2192	5
2193	3
2194	4
2195	4
2196	5
2197	6
2198	6
2199	4
2200	5
2201	5
2202	6
2203	5
2204	5
2205	8
2206	9
2207	9
2208	3
2209	4
2210	7
2211	7
2212	4
2213	2
2214	7
2215	4
2216	2
2217	8
2218	4
2219	4
2220	2
2221	4
2222	3
2223	7
2224	2
2225	10
2226	9
2227	3
2228	6
2229	9
2230	4
2231	4
2232	5
2233	3
2234	5
2235	5
2236	6
2237	2
2238	6
2239	3
2240	2
2241	7
2242	7
2243	9
2244	7
2245	5
2246	4
2247	2
2248	4
2249	7
2250	9
2251	4
2252	10
2253	8
2254	5
2255	3
2256	3
2257	2
2258	0
2259	8
2260	6
2261	7
2262	5
2263	7
2264	5
2265	5
2266	5
2267	4
2268	2
2269	6
2270	2
2271	5
2272	2
2273	9
2274	2
2275	2
2276	3
2277	3
2278	4
2279	4
2280	6
2281	4
2282	3
2283	4
2284	4
2285	4
2286	5
2287	4
2288	3
2289	5
2290	7
2291	4
2292	1
2293	4
2294	3
2295	8
2296	5
2297	2
2298	4
2299	6
2300	3
2301	2
2302	5
2303	3
2304	3
2305	4
2306	3
2307	4
2308	6
2309	4
2310	4
2311	5
2312	5
2313	3
2314	1
2315	4
2316	2
2317	3
2318	4
2319	2
2320	3
2321	2
2322	7
2323	2
2324	5
2325	4
2326	3
2327	5
2328	7
2329	4
2330	5
2331	3
2332	3
2333	5
2334	4
2335	6
2336	6
2337	3
2338	3
2339	4
2340	5
2341	6
2342	4
2343	10
2344	1
2345	6
2346	5
2347	2
2348	2
2349	6
2350	6
2351	2
2352	6
2353	5
2354	3
2355	5
2356	6
2357	2
2358	0
2359	7
2360	5
2361	2
2362	7
2363	5
2364	4
2365	7
2366	5
2367	3
2368	5
2369	6
2370	4
2371	3
2372	3
2373	4
2374	5
2375	3
2376	2
2377	5
2378	3
2379	6
2380	2
2381	4
2382	7
2383	6
2384	1
2385	6
2386	10
2387	2
2388	1
2389	3
2390	5
2391	3
2392	5
2393	3
2394	3
2395	3
2396	7
2397	3
2398	1
2399	4
2400	6
2401	2
2402	2
2403	6
2404	5
2405	4
2406	4
2407	5
2408	5
2409	4
2410	4
2411	3
2412	5
2413	3
2414	4
2415	4
2416	6
2417	2
2418	4
2419	3
2420	5
2421	6
2422	1
2423	3
2424	2
2425	3
2426	5
2427	3
2428	5
2429	3
2430	5
2431	3
2432	5
2433	2
2434	4
2435	4
2436	5
2437	2
2438	3
2439	1
2440	3
2441	2
2442	6
2443	1
2444	8
2445	3
2446	5
2447	5
2448	8
2449	5
2450	5
2451	5
2452	3
2453	3
2454	3
2455	6
2456	6
2457	9
2458	9
2459	2
2460	6
2461	1
2462	4
2463	8
2464	4
2465	3
2466	7
2467	2
2468	1
2469	3
2470	6
2471	3
2472	0
2473	5
2474	5
2475	2
2476	9
2477	5
2478	5
2479	5
2480	6
2481	7
2482	7
2483	3
2484	4
2485	5
2486	2
2487	6
2488	4
2489	5
2490	7
2491	3
2492	3
2493	3
2494	4
2495	3
2496	4
2497	3
2498	2
2499	4
2500	3
2501	5
2502	4
2503	7
2504	2
2505	5
2506	3
2507	5
2508	8
2509	3
2510	4
2511	5
2512	1
2513	5
2514	4
2515	5
2516	2
2517	3
2518	3
2519	6
2520	3
2521	2
2522	1
2523	4
2524	4
2525	2
2526	6
2527	6
2528	1
2529	4
2530	7
2531	1
2532	2
2533	2
2534	3
2535	3
2536	3
2537	3
2538	5
2539	2
2540	0
2541	6
2542	1
2543	5
2544	0
2545	3
2546	0
2547	5
2548	2
2549	4
2550	1
2551	2
2552	1
2553	4
2554	2
2555	4
2556	7
2557	2
2558	3
2559	4
2560	2
2561	6
2562	2
2563	3
2564	7
2565	1
2566	3
2567	7
2568	3
2569	8
2570	3
2571	4
2572	4
2573	2
2574	1
2575	2
2576	5
2577	6
2578	12
2579	1
2580	2
2581	6
2582	0
2583	2
2584	2
2585	3
2586	3
2587	3
2588	1
2589	2
2590	1
2591	3
2592	0
2593	2
2594	3
2595	5
2596	4
2597	5
2598	4
2599	5
2600	7
2601	0
2602	4
2603	1
2604	2
2605	4
2606	4
2607	4
2608	1
2609	3
2610	0
2611	3
2612	3
2613	4
2614	6
2615	2
2616	3
2617	5
2618	9
2619	3
2620	2
2621	1
2622	1
2623	6
2624	2
2625	3
2626	2
2627	5
2628	2
2629	4
2630	1
2631	3
2632	2
2633	2
2634	2
2635	3
2636	4
2637	6
2638	4
2639	2
2640	2
2641	3
2642	1
2643	5
2644	6
2645	2
2646	3
2647	4
2648	6
2649	4
2650	2
2651	0
2652	5
2653	3
2654	1
2655	1
2656	7
2657	3
2658	2
2659	3
2660	2
2661	2
2662	4
2663	0
2664	1
2665	1
2666	2
2667	5
2668	5
2669	2
2670	2
2671	4
2672	4
2673	7
2674	2
2675	7
2676	6
2677	0
2678	4
2679	0
2680	4
2681	3
2682	4
2683	5
2684	5
2685	4
2686	4
2687	6
2688	2
2689	2
2690	0
2691	2
2692	1
2693	5
2694	5
2695	2
2696	4
2697	3
2698	2
2699	4
2700	6
2701	3
2702	4
2703	2
2704	3
2705	5
2706	2
2707	2
2708	2
2709	3
2710	3
2711	5
2712	7
2713	2
2714	3
2715	3
2716	7
2717	4
2718	5
2719	3
2720	1
2721	2
2722	5
2723	2
2724	4
2725	4
2726	4
2727	3
2728	2
2729	4
2730	5
2731	7
2732	2
2733	3
2734	3
2735	2
2736	2
2737	5
2738	4
2739	2
2740	0
2741	1
2742	2
2743	4
2744	8
2745	2
2746	1
2747	7
2748	3
2749	2
2750	3
2751	5
2752	7
2753	7
2754	5
2755	5
2756	2
2757	1
2758	4
2759	6
2760	1
2761	3
2762	6
2763	1
2764	3
2765	5
2766	4
2767	1
2768	1
2769	4
2770	4
2771	3
2772	2
2773	4
2774	4
2775	2
2776	2
2777	3
2778	3
2779	4
2780	6
2781	2
2782	3
2783	2
2784	2
2785	1
2786	3
2787	0
2788	3
2789	3
2790	5
2791	5
2792	1
2793	4
2794	1
2795	4
2796	1
2797	4
2798	3
2799	3
2800	3
2801	4
2802	4
2803	2
2804	6
2805	5
2806	1
2807	2
2808	2
2809	1
2810	4
2811	1
2812	4
2813	1
2814	1
2815	5
2816	4
2817	3
2818	2
2819	5
2820	2
2821	2
2822	6
2823	5
2824	0
2825	4
2826	3
2827	3
2828	1
2829	5
2830	1
2831	4
2832	5
2833	3
2834	2
2835	2
2836	2
2837	2
2838	3
2839	3
2840	3
2841	2
2842	4
2843	5
2844	3
2845	4
2846	4
2847	2
2848	3
2849	3
2850	2
2851	2
2852	2
2853	2
2854	5
2855	6
2856	3
2857	5
2858	1
2859	4
2860	1
2861	0
2862	4
2863	3
2864	2
2865	5
2866	4
2867	1
2868	5
2869	3
2870	3
2871	0
2872	6
2873	6
2874	5
2875	5
2876	2
2877	4
2878	4
2879	3
2880	5
2881	0
2882	2
2883	5
2884	1
2885	3
2886	3
2887	4
2888	3
2889	2
2890	2
2891	2
2892	3
2893	1
2894	3
2895	2
2896	1
2897	4
2898	3
2899	2
2900	3
2901	3
2902	2
2903	1
2904	1
2905	8
2906	5
2907	2
2908	1
2909	5
2910	1
2911	0
2912	4
2913	0
2914	2
2915	3
2916	5
2917	2
2918	2
2919	4
2920	2
2921	1
2922	5
2923	4
2924	5
2925	1
2926	1
2927	1
2928	6
2929	0
2930	2
2931	3
2932	3
2933	3
2934	0
2935	6
2936	0
2937	3
2938	4
2939	1
2940	3
2941	3
2942	4
2943	2
2944	3
2945	2
2946	1
2947	0
2948	0
2949	2
2950	2
2951	1
2952	2
2953	2
2954	3
2955	3
2956	2
2957	3
2958	4
2959	0
2960	4
2961	0
2962	4
2963	7
2964	2
2965	2
2966	0
2967	1
2968	3
2969	2
2970	1
2971	1
2972	1
2973	3
2974	4
2975	5
2976	4
2977	2
2978	2
2979	5
2980	3
2981	3
2982	4
2983	2
2984	2
2985	5
2986	2
2987	2
2988	3
2989	4
2990	5
2991	7
2992	0
2993	3
2994	2
2995	2
2996	3
2997	4
2998	4
2999	1
3000	6
3001	1
3002	4
3003	1
3004	4
3005	3
3006	2
3007	2
3008	4
3009	0
3010	0
3011	2
3012	2
3013	3
3014	4
3015	1
3016	3
3017	4
3018	2
3019	1
3020	3
3021	5
3022	2
3023	0
3024	3
3025	0
3026	3
3027	1
3028	2
3029	1
3030	0
3031	1
3032	3
3033	2
3034	1
3035	3
3036	1
3037	5
3038	4
3039	2
3040	2
3041	4
3042	2
3043	1
3044	2
3045	1
3046	6
3047	2
3048	5
3049	3
3050	1
3051	4
3052	3
3053	5
3054	8
3055	0
3056	7
3057	1
3058	3
3059	4
3060	2
3061	5
3062	2
3063	3
3064	4
3065	6
3066	4
3067	1
3068	5
3069	2
3070	5
3071	2
3072	1
3073	7
3074	0
3075	4
3076	1
3077	1
3078	3
3079	2
3080	1
3081	3
3082	4
3083	0
3084	5
3085	5
3086	3
3087	1
3088	3
3089	1
3090	2
3091	1
3092	5
3093	1
3094	3
3095	2
3096	0
3097	2
3098	6
3099	4
3100	1
3101	2
3102	3
3103	1
3104	3
3105	4
3106	4
3107	3
3108	4
3109	3
3110	0
3111	4
3112	3
3113	1
3114	6
3115	3
3116	2
3117	2
3118	2
3119	3
3120	3
3121	4
3122	3
3123	4
3124	3
3125	2
3126	3
3127	2
3128	2
3129	2
3130	2
3131	4
3132	3
3133	1
3134	2
3135	4
3136	4
3137	6
3138	4
3139	6
3140	2
3141	2
3142	0
3143	3
3144	2
3145	4
3146	5
3147	2
3148	3
3149	5
3150	4
3151	4
3152	4
3153	4
3154	4
3155	2
3156	3
3157	1
3158	2
3159	2
3160	2
3161	1
3162	1
3163	3
3164	3
3165	2
3166	1
3167	0
3168	4
3169	1
3170	2
3171	4
3172	3
3173	1
3174	5
3175	0
3176	4
3177	3
3178	1
3179	4
3180	4
3181	3
3182	4
3183	2
3184	2
3185	0
3186	2
3187	2
3188	1
3189	3
3190	11
3191	3
3192	2
3193	3
3194	0
3195	3
3196	3
3197	2
3198	2
3199	4
3200	5
3201	6
3202	1
3203	3
3204	1
3205	1
3206	1
3207	5
3208	2
3209	3
3210	3
3211	4
3212	5
3213	7
3214	3
3215	3
3216	1
3217	4
3218	4
3219	4
3220	1
3221	3
3222	2
3223	0
3224	8
3225	3
3226	1
3227	1
3228	4
3229	4
3230	5
3231	5
3232	1
3233	3
3234	0
3235	5
3236	0
3237	3
3238	5
3239	4
3240	3
3241	2
3242	5
3243	1
3244	2
3245	3
3246	4
3247	2
3248	4
3249	3
3250	3
3251	0
3252	2
3253	2
3254	2
3255	6
3256	3
3257	1
3258	2
3259	2
3260	5
3261	4
3262	2
3263	4
3264	3
3265	3
3266	0
3267	2
3268	2
3269	4
3270	2
3271	4
3272	2
3273	3
3274	2
3275	1
3276	5
3277	3
3278	0
3279	1
3280	1
3281	0
3282	3
3283	0
3284	3
3285	1
3286	2
3287	6
3288	5
3289	6
3290	3
3291	3
3292	3
3293	1
3294	6
3295	2
3296	3
3297	4
3298	2
3299	2
3300	4
3301	5
3302	4
3303	2
3304	2
3305	1
3306	2
3307	8
3308	2
3309	2
3310	5
3311	2
3312	3
3313	4
3314	3
3315	3
3316	2
3317	1
3318	1
3319	2
3320	0
3321	4
3322	2
3323	2
3324	4
3325	2
3326	2
3327	3
3328	2
3329	4
3330	1
3331	3
3332	3
3333	3
3334	1
3335	1
3336	4
3337	1
3338	1
3339	2
3340	4
3341	5
3342	4
3343	4
3344	4
3345	0
3346	4
3347	2
3348	2
3349	2
3350	4
3351	1
3352	0
3353	4
3354	5
3355	2
3356	6
3357	5
3358	4
3359	3
3360	0
3361	3
3362	6
3363	3
3364	1
3365	2
3366	4
3367	3
3368	0
3369	1
3370	5
3371	1
3372	3
3373	0
3374	4
3375	3
3376	1
3377	4
3378	5
3379	1
3380	2
3381	4
3382	1
3383	4
3384	2
3385	1
3386	3
3387	3
3388	4
3389	1
3390	1
3391	4
3392	4
3393	5
3394	1
3395	2
3396	3
3397	1
3398	2
3399	2
3400	3
3401	4
3402	0
3403	2
3404	1
3405	2
3406	3
3407	3
3408	2
3409	0
3410	3
3411	2
3412	6
3413	3
3414	0
3415	3
3416	2
3417	2
3418	0
3419	0
3420	1
3421	4
3422	0
3423	2
3424	5
3425	2
3426	1
3427	1
3428	1
3429	0
3430	1
3431	2
3432	3
3433	1
3434	2
3435	1
3436	2
3437	3
3438	2
3439	3
3440	0
3441	1
3442	3
3443	2
3444	1
3445	5
3446	1
3447	1
3448	1
3449	0
3450	3
3451	3
3452	2
3453	1
3454	1
3455	2
3456	4
3457	2
3458	3
3459	3
3460	1
3461	3
3462	4
3463	1
3464	2
3465	3
3466	4
3467	0
3468	2
3469	2
3470	4
3471	2
3472	2
3473	0
3474	2
3475	2
3476	4
3477	1
3478	1
3479	1
3480	2
3481	3
3482	3
3483	2
3484	0
3485	0
3486	2
3487	2
3488	0
3489	1
3490	1
3491	1
3492	1
3493	0
3494	1
3495	3
3496	4
3497	5
3498	1
3499	3
3500	2
3501	1
3502	1
3503	2
3504	3
3505	1
3506	1
3507	2
3508	2
3509	2
3510	2
3511	0
3512	4
3513	2
3514	1
3515	1
3516	0
3517	1
3518	1
3519	1
3520	2
3521	2
3522	1
3523	2
3524	3
3525	4
3526	3
3527	2
3528	1
3529	2
3530	3
3531	1
3532	2
3533	3
3534	2
3535	4
3536	4
3537	1
3538	2
3539	1
3540	3
3541	2
3542	1
3543	1
3544	1
3545	4
3546	4
3547	3
3548	2
3549	2
3550	3
3551	1
3552	1
3553	1
3554	3
3555	1
3556	0
3557	3
3558	2
3559	2
3560	1
3561	3
3562	1
3563	0
3564	0
3565	1
3566	3
3567	3
3568	3
3569	3
3570	2
3571	2
3572	3
3573	3
3574	2
3575	2
3576	6
3577	0
3578	3
3579	3
3580	0
3581	2
3582	1
3583	3
3584	2
3585	0
3586	1
3587	3
3588	2
3589	2
3590	1
3591	4
3592	3
3593	4
3594	2
3595	0
3596	0
3597	2
3598	3
3599	2
3600	3
3601	0
3602	4
3603	5
3604	2
3605	0
3606	0
3607	4
3608	2
3609	5
3610	2
3611	4
3612	2
3613	0
3614	4
3615	2
3616	1
3617	3
3618	2
3619	1
3620	2
3621	1
3622	1
3623	2
3624	1
3625	1
3626	0
3627	0
3628	2
3629	0
3630	1
3631	2
3632	2
3633	4
3634	2
3635	4
3636	1
3637	1
3638	0
3639	2
3640	4
3641	0
3642	3
3643	3
3644	2
3645	5
3646	2
3647	2
3648	1
3649	0
3650	3
3651	4
3652	1
3653	0
3654	1
3655	4
3656	3
3657	1
3658	0
3659	4
3660	4
3661	3
3662	1
3663	1
3664	4
3665	3
3666	1
3667	2
3668	2
3669	0
3670	0
3671	4
3672	1
3673	3
3674	1
3675	0
3676	2
3677	2
3678	2
3679	2
3680	3
3681	0
3682	0
3683	1
3684	1
3685	2
3686	0
3687	0
3688	3
3689	1
3690	3
3691	1
3692	4
3693	2
3694	3
3695	2
3696	3
3697	1
3698	1
3699	2
3700	0
3701	2
3702	4
3703	0
3704	2
3705	2
3706	0
3707	0
3708	1
3709	4
3710	1
3711	1
3712	4
3713	1
3714	4
3715	3
3716	5
3717	4
3718	2
3719	5
3720	1
3721	2
3722	2
3723	1
3724	1
3725	3
3726	1
3727	4
3728	2
3729	2
3730	1
3731	0
3732	2
3733	1
3734	3
3735	3
3736	3
3737	0
3738	2
3739	2
3740	2
3741	1
3742	2
3743	3
3744	0
3745	1
3746	2
3747	2
3748	2
3749	1
3750	3
3751	1
3752	2
3753	1
3754	1
3755	5
3756	0
3757	0
3758	4
3759	0
3760	2
3761	3
3762	1
3763	1
3764	1
3765	3
3766	0
3767	1
3768	0
3769	3
3770	0
3771	4
3772	2
3773	1
3774	2
3775	0
3776	4
3777	1
3778	0
3779	2
3780	1
3781	3
3782	3
3783	2
3784	1
3785	4
3786	1
3787	0
3788	4
3789	0
3790	2
3791	5
3792	2
3793	3
3794	2
3795	2
3796	0
3797	2
3798	3
3799	0
3800	2
3801	2
3802	1
3803	0
3804	3
3805	1
3806	1
3807	2
3808	2
3809	3
3810	1
3811	1
3812	1
3813	2
3814	2
3815	3
3816	4
3817	1
3818	0
3819	2
3820	1
3821	0
3822	1
3823	2
3824	2
3825	0
3826	1
3827	2
3828	4
3829	3
3830	0
3831	2
3832	1
3833	0
3834	2
3835	2
3836	0
3837	1
3838	3
3839	4
3840	1
3841	1
3842	0
3843	3
3844	3
3845	1
3846	4
3847	2
3848	1
3849	3
3850	1
3851	1
3852	1
3853	4
3854	0
3855	0
3856	2
3857	0
3858	5
3859	0
3860	3
3861	3
3862	1
3863	2
3864	3
3865	0
3866	2
3867	1
3868	3
3869	1
3870	0
3871	2
3872	0
3873	2
3874	2
3875	1
3876	1
3877	1
3878	3
3879	0
3880	0
3881	2
3882	1
3883	2
3884	1
3885	1
3886	4
3887	1
3888	2
3889	0
3890	0
3891	0
3892	2
3893	2
3894	3
3895	3
3896	4
3897	2
3898	2
3899	1
3900	0
3901	2
3902	0
3903	0
3904	2
3905	0
3906	0
3907	2
3908	1
3909	1
3910	3
3911	0
3912	2
3913	3
3914	1
3915	1
3916	0
3917	0
3918	2
3919	1
3920	1
3921	2
3922	1
3923	2
3924	3
3925	3
3926	4
3927	1
3928	3
3929	2
3930	1
3931	2
3932	0
3933	1
3934	2
3935	2
3936	3
3937	2
3938	1
3939	1
3940	0
3941	0
3942	1
3943	0
3944	1
3945	2
3946	5
3947	2
3948	1
3949	2
3950	0
3951	0
3952	2
3953	0
3954	0
3955	3
3956	0
3957	1
3958	0
3959	0
3960	2
3961	0
3962	2
3963	1
3964	3
3965	2
3966	3
3967	2
3968	1
3969	0
3970	1
3971	3
3972	3
3973	1
3974	1
3975	1
3976	1
3977	1
3978	2
3979	0
3980	3
3981	3
3982	1
3983	7
3984	1
3985	3
3986	1
3987	1
3988	1
3989	1
3990	1
3991	3
3992	2
3993	2
3994	2
3995	1
3996	2
3997	2
3998	1
3999	1
4000	1
4001	3
4002	0
4003	3
4004	1
4005	1
4006	0
4007	0
4008	1
4009	1
4010	2
4011	6
4012	0
4013	1
4014	3
4015	0
4016	0
4017	0
4018	2
4019	1
4020	3
4021	1
4022	0
4023	2
4024	2
4025	1
4026	2
4027	3
4028	2
4029	1
4030	1
4031	2
4032	1
4033	1
4034	2
4035	0
4036	1
4037	1
4038	3
4039	1
4040	1
4041	2
4042	3
4043	1
4044	2
4045	1
4046	0
4047	0
4048	4
4049	2
4050	4
4051	1
4052	5
4053	1
4054	3
4055	2
4056	2
4057	0
4058	2
4059	3
4060	1
4061	0
4062	0
4063	0
4064	1
4065	0
4066	3
4067	3
4068	0
4069	4
4070	1
4071	1
4072	1
4073	0
4074	1
4075	3
4076	1
4077	0
4078	0
4079	0
4080	2
4081	3
4082	2
4083	1
4084	1
4085	2
4086	1
4087	0
4088	4
4089	2
4090	0
4091	1
4092	1
4093	1
4094	1
4095	2
4096	1
4097	2
4098	1
4099	4
4100	1
4101	2
4102	3
4103	0
4104	0
4105	0
4106	2
4107	1
4108	2
4109	2
4110	0
4111	0
4112	4
4113	0
4114	1
4115	2
4116	2
4117	2
4118	0
4119	0
4120	0
4121	5
4122	2
4123	1
4124	4
4125	4
4126	1
4127	3
4128	1
4129	2
4130	3
4131	2
4132	0
4133	1
4134	3
4135	4
4136	4
4137	3
4138	0
4139	2
4140	1
4141	1
4142	2
4143	2
4144	0
4145	1
4146	1
4147	3
4148	1
4149	1
4150	1
4151	0
4152	2
4153	2
4154	1
4155	1
4156	1
4157	1
4158	1
4159	0
4160	3
4161	0
4162	1
4163	1
4164	0
4165	0
4166	2
4167	0
4168	2
4169	2
4170	1
4171	1
4172	0
4173	0
4174	1
4175	1
4176	1
4177	1
4178	3
4179	1
4180	1
4181	3
4182	0
4183	1
4184	2
4185	2
4186	0
4187	5
4188	3
4189	1
4190	1
4191	0
4192	1
4193	2
4194	2
4195	2
4196	1
4197	1
4198	3
4199	1
4200	2
4201	1
4202	1
4203	1
4204	3
4205	0
4206	3
4207	2
4208	1
4209	0
4210	0
4211	2
4212	1
4213	1
4214	1
4215	1
4216	1
4217	2
4218	1
4219	1
4220	0
4221	2
4222	0
4223	1
4224	2
4225	2
4226	0
4227	0
4228	1
4229	0
4230	0
4231	1
4232	0
4233	0
4234	1
4235	0
4236	0
4237	1
4238	0
4239	2
4240	0
4241	0
4242	2
4243	0
4244	0
4245	1
4246	0
4247	3
4248	2
4249	1
4250	2
4251	3
4252	3
4253	0
4254	1
4255	2
4256	0
4257	1
4258	0
4259	2
4260	1
4261	0
4262	2
4263	2
4264	0
4265	1
4266	2
4267	1
4268	2
4269	0
4270	1
4271	0
4272	1
4273	2
4274	0
4275	3
4276	5
4277	3
4278	0
4279	1
4280	0
4281	2
4282	2
4283	2
4284	2
4285	0
4286	1
4287	3
4288	0
4289	2
4290	2
4291	1
4292	1
4293	3
4294	2
4295	1
4296	2
4297	2
4298	2
4299	3
4300	1
4301	0
4302	2
4303	5
4304	0
4305	1
4306	3
4307	1
4308	0
4309	1
4310	3
4311	1
4312	0
4313	2
4314	1
4315	3
4316	0
4317	1
4318	1
4319	0
4320	1
4321	1
4322	1
4323	2
4324	2
4325	3
4326	2
4327	1
4328	2
4329	1
4330	0
4331	0
4332	2
4333	1
4334	0
4335	1
4336	0
4337	0
4338	0
4339	3
4340	3
4341	2
4342	1
4343	1
4344	2
4345	3
4346	5
4347	1
4348	0
4349	1
4350	1
4351	2
4352	1
4353	3
4354	3
4355	0
4356	0
4357	0
4358	0
4359	1
4360	0
4361	0
4362	3
4363	1
4364	1
4365	2
4366	1
4367	1
4368	0
4369	0
4370	0
4371	3
4372	0
4373	0
4374	1
4375	1
4376	2
4377	3
4378	0
4379	3
4380	0
4381	2
4382	2
4383	3
4384	0
4385	2
4386	2
4387	0
4388	1
4389	4
4390	1
4391	1
4392	0
4393	1
4394	2
4395	0
4396	0
4397	1
4398	1
4399	0
4400	2
4401	0
4402	3
4403	0
4404	0
4405	0
4406	2
4407	1
4408	1
4409	3
4410	0
4411	1
4412	2
4413	2
4414	0
4415	0
4416	0
4417	3
4418	1
4419	2
4420	0
4421	0
4422	2
4423	1
4424	2
4425	1
4426	2
4427	2
4428	1
4429	0
4430	1
4431	0
4432	1
4433	0
4434	0
4435	2
4436	1
4437	2
4438	0
4439	4
4440	1
4441	1
4442	0
4443	0
4444	2
4445	0
4446	0
4447	1
4448	0
4449	2
4450	3
4451	3
4452	1
4453	3
4454	2
4455	2
4456	1
4457	2
4458	1
4459	2
4460	0
4461	2
4462	1
4463	3
4464	4
4465	2
4466	0
4467	0
4468	0
4469	0
4470	2
4471	1
4472	0
4473	2
4474	0
4475	2
4476	1
4477	2
4478	3
4479	1
4480	0
4481	0
4482	0
4483	0
4484	0
4485	0
4486	0
4487	0
4488	0
4489	0
4490	1
4491	2
4492	0
4493	1
4494	1
4495	0
4496	3
4497	1
4498	0
4499	2
4500	2
4501	2
4502	1
4503	1
4504	1
4505	3
4506	2
4507	1
4508	0
4509	2
4510	1
4511	0
4512	3
4513	0
4514	0
4515	3
4516	1
4517	0
4518	1
4519	1
4520	2
4521	0
4522	0
4523	0
4524	0
4525	1
4526	1
4527	1
4528	2
4529	2
4530	1
4531	0
4532	1
4533	2
4534	0
4535	4
4536	0
4537	0
4538	1
4539	2
4540	1
4541	1
4542	1
4543	1
4544	0
4545	2
4546	1
4547	2
4548	0
4549	2
4550	4
4551	1
4552	2
4553	0
4554	1
4555	2
4556	0
4557	2
4558	1
4559	1
4560	1
4561	0
4562	1
4563	1
4564	0
4565	2
4566	0
4567	2
4568	2
4569	2
4570	1
4571	3
4572	1
4573	1
4574	1
4575	1
4576	0
4577	1
4578	1
4579	1
4580	0
4581	6
4582	0
4583	1
4584	1
4585	2
4586	1
4587	1
4588	1
4589	1
4590	1
4591	1
4592	2
4593	1
4594	0
4595	0
4596	1
4597	1
4598	1
4599	1
4600	1
4601	1
4602	0
4603	0
4604	1
4605	1
4606	0
4607	2
4608	0
4609	1
4610	1
4611	1
4612	2
4613	0
4614	2
4615	1
4616	1
4617	1
4618	3
4619	2
4620	2
4621	1
4622	0
4623	1
4624	0
4625	0
4626	1
4627	2
4628	1
4629	0
4630	1
4631	2
4632	1
4633	0
4634	3
4635	3
4636	0
4637	1
4638	1
4639	4
4640	2
4641	3
4642	1
4643	0
4644	2
4645	1
4646	3
4647	3
4648	0
4649	1
4650	0
4651	1
4652	2
4653	1
4654	1
4655	3
4656	1
4657	0
4658	2
4659	1
4660	3
4661	3
4662	0
4663	0
4664	2
4665	0
4666	1
4667	0
4668	0
4669	0
4670	1
4671	4
4672	1
4673	1
4674	2
4675	0
4676	3
4677	1
4678	0
4679	2
4680	2
4681	3
4682	1
4683	5
4684	1
4685	3
4686	1
4687	0
4688	2
4689	2
4690	2
4691	2
4692	1
4693	1
4694	3
4695	0
4696	1
4697	3
4698	2
4699	1
4700	1
4701	1
4702	3
4703	0
4704	4
4705	2
4706	0
4707	2
4708	2
4709	1
4710	1
4711	0
4712	2
4713	2
4714	2
4715	2
4716	1
4717	3
4718	1
4719	1
4720	1
4721	1
4722	1
4723	1
4724	0
4725	0
4726	1
4727	0
4728	1
4729	1
4730	3
4731	1
4732	1
4733	1
4734	0
4735	1
4736	1
4737	0
4738	1
4739	0
4740	2
4741	2
4742	1
4743	3
4744	2
4745	1
4746	3
4747	2
4748	0
4749	0
4750	1
4751	3
4752	2
4753	0
4754	0
4755	1
4756	1
4757	1
4758	1
4759	0
4760	1
4761	2
4762	0
4763	2
4764	0
4765	0
4766	1
4767	1
4768	2
4769	2
4770	0
4771	2
4772	2
4773	0
4774	2
4775	0
4776	2
4777	1
4778	3
4779	1
4780	1
4781	1
4782	2
4783	0
4784	2
4785	3
4786	3
4787	1
4788	0
4789	2
4790	0
4791	0
4792	2
4793	0
4794	1
4795	1
4796	0
4797	1
4798	1
4799	2
4800	0
4801	4
4802	2
4803	1
4804	0
4805	1
4806	0
4807	1
4808	1
4809	0
4810	0
4811	0
4812	0
4813	1
4814	1
4815	2
4816	0
4817	2
4818	0
4819	1
4820	1
4821	0
4822	0
4823	0
4824	1
4825	0
4826	0
4827	1
4828	2
4829	4
4830	2
4831	3
4832	1
4833	1
4834	1
4835	1
4836	3
4837	4
4838	0
4839	2
4840	1
4841	2
4842	1
4843	0
4844	6
4845	2
4846	0
4847	0
4848	1
4849	1
4850	0
4851	0
4852	1
4853	0
4854	2
4855	1
4856	1
4857	0
4858	1
4859	2
4860	1
4861	3
4862	0
4863	0
4864	2
4865	1
4866	3
4867	0
4868	1
4869	2
4870	0
4871	1
4872	1
4873	0
4874	5
4875	0
4876	0
4877	5
4878	0
4879	2
4880	2
4881	1
4882	2
4883	1
4884	0
4885	2
4886	0
4887	1
4888	1
4889	3
4890	0
4891	2
4892	1
4893	0
4894	1
4895	1
4896	0
4897	1
4898	0
4899	1
4900	0
4901	0
4902	1
4903	0
4904	1
4905	1
4906	2
4907	1
4908	2
4909	0
4910	1
4911	0
4912	2
4913	0
4914	1
4915	0
4916	0
4917	0
4918	0
4919	2
4920	1
4921	2
4922	0
4923	2
4924	1
4925	0
4926	0
4927	2
4928	0
4929	3
4930	0
4931	0
4932	1
4933	5
4934	2
4935	1
4936	0
4937	3
4938	0
4939	3
4940	3
4941	1
4942	2
4943	0
4944	1
4945	0
4946	2
4947	0
4948	1
4949	3
4950	2
4951	0
4952	1
4953	0
4954	1
4955	1
4956	1
4957	1
4958	0
4959	2
4960	0
4961	0
4962	1
4963	0
4964	2
4965	0
4966	0
4967	1
4968	0
4969	0
4970	1
4971	1
4972	1
4973	1
4974	0
4975	1
4976	1
4977	0
4978	0
4979	0
4980	2
4981	0
4982	0
4983	0
4984	0
4985	0
4986	0
4987	1
4988	2
4989	4
4990	1
4991	0
4992	2
4993	1
4994	0
4995	2
4996	3
4997	0
4998	1
4999	2
5000	1
5001	2
5002	1
5003	1
5004	1
5005	1
5006	0
5007	0
5008	0
5009	1
5010	4
5011	0
5012	1
5013	0
5014	0
5015	1
5016	0
5017	2
5018	1
5019	1
5020	0
5021	0
5022	2
5023	0
5024	2
5025	2
5026	0
5027	1
5028	0
5029	0
5030	0
5031	0
5032	1
5033	2
5034	0
5035	1
5036	1
5037	1
5038	1
5039	1
5040	0
5041	2
5042	1
5043	0
5044	2
5045	2
5046	0
5047	1
5048	1
5049	2
5050	1
5051	0
5052	1
5053	0
5054	1
5055	0
5056	0
5057	1
5058	2
5059	0
5060	1
5061	1
5062	1
5063	2
5064	2
5065	0
5066	0
5067	0
5068	2
5069	1
5070	1
5071	2
5072	1
5073	1
5074	1
5075	0
5076	0
5077	2
5078	0
5079	2
5080	2
5081	3
5082	2
5083	1
5084	0
5085	3
5086	1
5087	0
5088	2
5089	4
5090	2
5091	1
5092	2
5093	1
5094	1
5095	2
5096	0
5097	2
5098	1
5099	0
5100	3
5101	1
5102	3
5103	1
5104	0
5105	1
5106	1
5107	5
5108	2
5109	1
5110	3
5111	0
5112	1
5113	1
5114	1
5115	0
5116	1
5117	1
5118	0
5119	0
5120	2
5121	2
5122	1
5123	1
5124	1
5125	2
5126	2
5127	0
5128	0
5129	0
5130	0
5131	0
5132	2
5133	1
5134	0
5135	3
5136	0
5137	0
5138	0
5139	1
5140	2
5141	1
5142	1
5143	1
5144	0
5145	0
5146	1
5147	0
5148	0
5149	3
5150	1
5151	2
5152	2
5153	1
5154	1
5155	0
5156	1
5157	2
5158	0
5159	3
5160	3
5161	0
5162	1
5163	0
5164	1
5165	1
5166	0
5167	0
5168	1
5169	0
5170	0
5171	1
5172	2
5173	1
5174	0
5175	0
5176	3
5177	2
5178	4
5179	1
5180	1
5181	2
5182	3
5183	2
5184	2
5185	2
5186	0
5187	0
5188	0
5189	0
5190	2
5191	1
5192	0
5193	1
5194	2
5195	0
5196	2
5197	1
5198	0
5199	1
5200	0
5201	0
5202	1
5203	1
5204	2
5205	0
5206	1
5207	0
5208	0
5209	0
5210	1
5211	2
5212	2
5213	1
5214	2
5215	1
5216	0
5217	1
5218	1
5219	1
5220	3
5221	0
5222	1
5223	1
5224	2
5225	1
5226	1
5227	0
5228	1
5229	3
5230	1
5231	2
5232	2
5233	1
5234	0
5235	1
5236	0
5237	1
5238	1
5239	0
5240	2
5241	0
5242	1
5243	0
5244	1
5245	0
5246	1
5247	1
5248	1
5249	1
5250	0
5251	1
5252	2
5253	2
5254	0
5255	1
5256	1
5257	1
5258	3
5259	0
5260	0
5261	0
5262	2
5263	2
5264	2
5265	0
5266	1
5267	1
5268	1
5269	1
5270	1
5271	1
5272	4
5273	3
5274	3
5275	1
5276	2
5277	3
5278	1
5279	0
5280	0
5281	1
5282	0
5283	1
5284	2
5285	0
5286	0
5287	2
5288	3
5289	0
5290	2
5291	2
5292	0
5293	0
5294	2
5295	0
5296	0
5297	0
5298	0
5299	1
5300	0
5301	0
5302	0
5303	0
5304	1
5305	0
5306	0
5307	0
5308	2
5309	4
5310	1
5311	3
5312	0
5313	0
5314	1
5315	2
5316	0
5317	1
5318	1
5319	1
5320	0
5321	2
5322	0
5323	1
5324	1
5325	2
5326	2
5327	0
5328	1
5329	1
5330	0
5331	1
5332	0
5333	0
5334	1
5335	1
5336	1
5337	1
5338	0
5339	1
5340	2
5341	1
5342	0
5343	0
5344	0
5345	0
5346	0
5347	1
5348	0
5349	1
5350	1
5351	2
5352	0
5353	1
5354	0
5355	0
5356	2
5357	0
5358	0
5359	0
5360	1
5361	0
5362	0
5363	0
5364	0
5365	1
5366	0
5367	1
5368	1
5369	2
5370	1
5371	0
5372	0
5373	1
5374	1
5375	0
5376	4
5377	0
5378	2
5379	0
5380	0
5381	2
5382	3
5383	0
5384	1
5385	2
5386	0
5387	1
5388	0
5389	0
5390	0
5391	1
5392	2
5393	0
5394	0
5395	0
5396	3
5397	1
5398	0
5399	0
5400	2
5401	1
5402	0
5403	0
5404	0
5405	1
5406	1
5407	1
5408	1
5409	0
5410	0
5411	1
5412	0
5413	0
5414	1
5415	0
5416	1
5417	1
5418	0
5419	1
5420	1
5421	0
5422	0
5423	1
5424	2
5425	0
5426	0
5427	1
5428	0
5429	4
5430	1
5431	0
5432	0
5433	1
5434	2
5435	1
5436	0
5437	0
5438	0
5439	1
5440	2
5441	0
5442	1
5443	1
5444	1
5445	2
5446	1
5447	0
5448	0
5449	1
5450	0
5451	0
5452	0
5453	2
5454	1
5455	0
5456	0
5457	3
5458	0
5459	0
5460	1
5461	0
5462	0
5463	2
5464	1
5465	1
5466	1
5467	1
5468	1
5469	2
5470	0
5471	1
5472	1
5473	1
5474	2
5475	1
5476	3
5477	3
5478	1
5479	2
5480	0
5481	0
5482	1
5483	0
5484	0
5485	2
5486	1
5487	1
5488	0
5489	0
5490	1
5491	2
5492	0
5493	2
5494	0
5495	0
5496	0
5497	1
5498	0
5499	1
5500	1
5501	1
5502	1
5503	2
5504	1
5505	1
5506	0
5507	1
5508	3
5509	1
5510	2
5511	0
5512	2
5513	0
5514	1
5515	0
5516	1
5517	1
5518	0
5519	1
5520	0
5521	0
5522	1
5523	1
5524	1
5525	1
5526	1
5527	4
5528	0
5529	0
5530	0
5531	3
5532	1
5533	0
5534	1
5535	2
5536	2
5537	1
5538	1
5539	2
5540	1
5541	1
5542	0
5543	0
5544	1
5545	0
5546	0
5547	1
5548	0
5549	0
5550	0
5551	3
5552	2
5553	1
5554	0
5555	0
5556	1
5557	1
5558	0
5559	0
5560	0
5561	0
5562	1
5563	2
5564	0
5565	0
5566	4
5567	0
5568	2
5569	1
5570	2
5571	0
5572	0
5573	3
5574	0
5575	0
5576	1
5577	1
5578	0
5579	2
5580	1
5581	0
5582	2
5583	0
5584	1
5585	1
5586	0
5587	0
5588	4
5589	2
5590	2
5591	0
5592	2
5593	0
5594	0
5595	1
5596	0
5597	0
5598	1
5599	3
5600	0
5601	0
5602	0
5603	1
5604	1
5605	0
5606	0
5607	0
5608	0
5609	2
5610	0
5611	1
5612	0
5613	0
5614	1
5615	1
5616	1
5617	2
5618	0
5619	3
5620	0
5621	1
5622	1
5623	0
5624	0
5625	0
5626	0
5627	0
5628	5
5629	0
5630	1
5631	0
5632	1
5633	2
5634	2
5635	3
5636	1
5637	1
5638	2
5639	2
5640	1
5641	2
5642	1
5643	0
5644	1
5645	1
5646	1
5647	0
5648	2
5649	1
5650	0
5651	2
5652	2
5653	1
5654	2
5655	0
5656	0
5657	1
5658	0
5659	1
5660	0
5661	0
5662	1
5663	2
5664	0
5665	1
5666	2
5667	3
5668	2
5669	1
5670	1
5671	0
5672	3
5673	0
5674	1
5675	2
5676	0
5677	0
5678	0
5679	0
5680	1
5681	1
5682	3
5683	1
5684	0
5685	1
5686	2
5687	0
5688	2
5689	0
5690	1
5691	2
5692	1
5693	0
5694	2
5695	1
5696	0
5697	0
5698	1
5699	1
5700	2
5701	0
5702	1
5703	0
5704	0
5705	1
5706	2
5707	4
5708	0
5709	0
5710	1
5711	1
5712	1
5713	0
5714	1
5715	1
5716	0
5717	1
5718	1
5719	1
5720	1
5721	0
5722	1
5723	3
5724	2
5725	1
5726	0
5727	1
5728	1
5729	0
5730	0
5731	1
5732	2
5733	0
5734	0
5735	0
5736	1
5737	0
5738	0
5739	0
5740	1
5741	1
5742	1
5743	1
5744	0
5745	0
5746	1
5747	1
5748	2
5749	1
5750	0
5751	1
5752	2
5753	1
5754	1
5755	0
5756	0
5757	2
5758	0
5759	0
5760	0
5761	2
5762	1
5763	2
5764	0
5765	0
5766	0
5767	1
5768	1
5769	0
5770	2
5771	1
5772	2
5773	1
5774	1
5775	1
5776	1
5777	0
5778	1
5779	0
5780	2
5781	1
5782	1
5783	3
5784	0
5785	1
5786	0
5787	0
5788	3
5789	2
5790	0
5791	0
5792	0
5793	0
5794	3
5795	1
5796	3
5797	1
5798	2
5799	3
5800	2
5801	1
5802	0
5803	0
5804	3
5805	0
5806	1
5807	1
5808	1
5809	0
5810	0
5811	1
5812	0
5813	0
5814	0
5815	2
5816	2
5817	0
5818	0
5819	3
5820	1
5821	1
5822	1
5823	2
5824	1
5825	2
5826	0
5827	0
5828	0
5829	0
5830	0
5831	0
5832	1
5833	1
5834	1
5835	2
5836	1
5837	1
5838	1
5839	0
5840	0
5841	1
5842	0
5843	0
5844	0
5845	0
5846	0
5847	2
5848	2
5849	1
5850	0
5851	2
5852	2
5853	1
5854	0
5855	0
5856	0
5857	1
5858	3
5859	1
5860	0
5861	0
5862	0
5863	1
5864	1
5865	2
5866	0
5867	0
5868	2
5869	1
5870	2
5871	2
5872	1
5873	1
5874	0
5875	1
5876	3
5877	0
5878	0
5879	4
5880	1
5881	1
5882	0
5883	1
5884	1
5885	1
5886	2
5887	1
5888	4
5889	0
5890	2
5891	2
5892	1
5893	1
5894	0
5895	0
5896	1
5897	1
5898	0
5899	0
5900	0
5901	0
5902	1
5903	0
5904	1
5905	4
5906	0
5907	0
5908	0
5909	0
5910	0
5911	0
5912	1
5913	0
5914	0
5915	0
5916	1
5917	1
5918	0
5919	0
5920	2
5921	0
5922	2
5923	0
5924	1
5925	0
5926	0
5927	1
5928	1
5929	1
5930	2
5931	0
5932	1
5933	2
5934	1
5935	0
5936	1
5937	0
5938	1
5939	2
5940	1
5941	3
5942	0
5943	0
5944	0
5945	1
5946	1
5947	0
5948	1
5949	1
5950	0
5951	1
5952	1
5953	3
5954	1
5955	0
5956	0
5957	0
5958	2
5959	0
5960	2
5961	2
5962	1
5963	0
5964	0
5965	0
5966	2
5967	1
5968	0
5969	1
5970	0
5971	0
5972	2
5973	0
5974	0
5975	3
5976	0
5977	0
5978	1
5979	1
5980	1
5981	1
5982	0
5983	0
5984	1
5985	1
5986	0
5987	0
5988	2
5989	1
5990	1
5991	3
5992	2
5993	0
5994	0
5995	1
5996	0
5997	1
5998	0
5999	1
6000	1
6001	2
6002	3
6003	2
6004	2
6005	0
6006	0
6007	2
6008	2
6009	1
6010	3
6011	1
6012	2
6013	0
6014	3
6015	2
6016	3
6017	0
6018	1
6019	2
6020	3
6021	2
6022	3
6023	0
6024	0
6025	0
6026	0
6027	1
6028	1
6029	1
6030	0
6031	2
6032	0
6033	0
6034	3
6035	1
6036	4
6037	1
6038	0
6039	0
6040	2
6041	0
6042	1
6043	0
6044	1
6045	1
6046	2
6047	1
6048	1
6049	0
6050	0
6051	0
6052	0
6053	0
6054	2
6055	0
6056	1
6057	0
6058	1
6059	0
6060	3
6061	0
6062	1
6063	1
6064	0
6065	0
6066	0
6067	0
6068	0
6069	0
6070	0
6071	4
6072	1
6073	1
6074	0
6075	0
6076	0
6077	1
6078	0
6079	1
6080	1
6081	1
6082	0
6083	1
6084	1
6085	0
6086	0
6087	1
6088	5
6089	1
6090	1
6091	1
6092	1
6093	2
6094	0
6095	0
6096	0
6097	1
6098	1
6099	0
6100	1
6101	2
6102	1
6103	0
6104	0
6105	0
6106	0
6107	0
6108	0
6109	2
6110	2
6111	1
6112	0
6113	1
6114	1
6115	0
6116	0
6117	0
6118	0
6119	0
6120	1
6121	0
6122	0
6123	0
6124	1
6125	1
6126	0
6127	1
6128	1
6129	0
6130	0
6131	1
6132	2
6133	0
6134	0
6135	0
6136	0
6137	1
6138	0
6139	1
6140	0
6141	2
6142	4
6143	0
6144	2
6145	1
6146	1
6147	0
6148	2
6149	1
6150	1
6151	1
6152	1
6153	0
6154	0
6155	0
6156	1
6157	1
6158	2
6159	0
6160	2
6161	1
6162	0
6163	1
6164	0
6165	1
6166	0
6167	0
6168	2
6169	1
6170	0
6171	0
6172	0
6173	0
6174	0
6175	0
6176	0
6177	0
6178	3
6179	0
6180	0
6181	0
6182	2
6183	0
6184	0
6185	0
6186	2
6187	2
6188	1
6189	0
6190	0
6191	0
6192	0
6193	0
6194	1
6195	1
6196	2
6197	1
6198	1
6199	2
6200	0
6201	0
6202	1
6203	0
6204	0
6205	0
6206	0
6207	2
6208	1
6209	1
6210	2
6211	0
6212	0
6213	2
6214	0
6215	0
6216	1
6217	3
6218	3
6219	0
6220	0
6221	2
6222	2
6223	1
6224	1
6225	1
6226	0
6227	0
6228	1
6229	3
6230	0
6231	1
6232	0
6233	0
6234	0
6235	2
6236	1
6237	1
6238	0
6239	0
6240	2
6241	1
6242	0
6243	3
6244	1
6245	1
6246	0
6247	2
6248	1
6249	1
6250	0
6251	1
6252	0
6253	2
6254	0
6255	1
6256	0
6257	1
6258	1
6259	1
6260	0
6261	0
6262	1
6263	2
6264	1
6265	0
6266	0
6267	0
6268	3
6269	1
6270	0
6271	0
6272	1
6273	0
6274	0
6275	0
6276	1
6277	1
6278	0
6279	3
6280	1
6281	1
6282	2
6283	0
6284	1
6285	1
6286	0
6287	3
6288	0
6289	0
6290	0
6291	1
6292	1
6293	0
6294	1
6295	1
6296	1
6297	3
6298	0
6299	2
6300	0
6301	0
6302	0
6303	0
6304	0
6305	1
6306	1
6307	0
6308	0
6309	0
6310	1
6311	0
6312	0
6313	0
6314	0
6315	1
6316	2
6317	0
6318	0
6319	0
6320	1
6321	0
6322	0
6323	1
6324	1
6325	0
6326	0
6327	0
6328	1
6329	2
6330	1
6331	0
6332	0
6333	1
6334	1
6335	0
6336	1
6337	0
6338	4
6339	0
6340	2
6341	0
6342	0
6343	1
6344	0
6345	0
6346	0
6347	0
6348	1
6349	1
6350	0
6351	0
6352	0
6353	0
6354	2
6355	0
6356	0
6357	0
6358	0
6359	0
6360	1
6361	0
6362	1
6363	1
6364	0
6365	0
6366	1
6367	1
6368	0
6369	1
6370	0
6371	0
6372	1
6373	0
6374	0
6375	1
6376	0
6377	0
6378	1
6379	0
6380	0
6381	0
6382	0
6383	0
6384	2
6385	0
6386	0
6387	1
6388	0
6389	1
6390	1
6391	0
6392	0
6393	0
6394	1
6395	1
6396	0
6397	0
6398	0
6399	2
6400	1
6401	0
6402	2
6403	2
6404	0
6405	0
6406	0
6407	0
6408	1
6409	0
6410	1
6411	1
6412	0
6413	1
6414	0
6415	0
6416	1
6417	1
6418	1
6419	0
6420	0
6421	1
6422	0
6423	1
6424	1
6425	0
6426	0
6427	0
6428	1
6429	1
6430	0
6431	0
6432	0
6433	1
6434	0
6435	0
6436	1
6437	1
6438	0
6439	1
6440	0
6441	0
6442	2
6443	0
6444	0
6445	1
6446	2
6447	0
6448	1
6449	0
6450	1
6451	0
6452	0
6453	1
6454	0
6455	2
6456	0
6457	0
6458	1
6459	0
6460	0
6461	2
6462	0
6463	0
6464	1
6465	0
6466	0
6467	0
6468	1
6469	2
6470	1
6471	1
6472	0
6473	0
6474	0
6475	0
6476	1
6477	1
6478	2
6479	0
6480	0
6481	0
6482	2
6483	0
6484	4
6485	0
6486	0
6487	1
6488	0
6489	0
6490	0
6491	0
6492	0
6493	2
6494	0
6495	0
6496	1
6497	1
6498	1
6499	0
6500	0
6501	2
6502	0
6503	0
6504	0
6505	1
6506	1
6507	1
6508	0
6509	0
6510	0
6511	2
6512	0
6513	0
6514	0
6515	2
6516	1
6517	0
6518	2
6519	0
6520	1
6521	0
6522	2
6523	0
6524	0
6525	0
6526	0
6527	0
6528	1
6529	1
6530	0
6531	1
6532	0
6533	0
6534	0
6535	0
6536	1
6537	0
6538	3
6539	0
6540	1
6541	0
6542	0
6543	0
6544	0
6545	1
6546	0
6547	0
6548	0
6549	0
6550	2
6551	0
6552	1
6553	0
6554	0
6555	1
6556	1
6557	0
6558	2
6559	1
6560	0
6561	0
6562	0
6563	2
6564	1
6565	0
6566	0
6567	1
6568	3
6569	0
6570	0
6571	0
6572	0
6573	0
6574	1
6575	0
6576	0
6577	3
6578	0
6579	0
6580	0
6581	1
6582	0
6583	1
6584	0
6585	0
6586	0
6587	1
6588	0
6589	0
6590	1
6591	0
6592	0
6593	2
6594	0
6595	0
6596	0
6597	0
6598	0
6599	1
6600	1
6601	1
6602	0
6603	0
6604	0
6605	2
6606	1
6607	1
6608	1
6609	0
6610	0
6611	0
6612	1
6613	0
6614	0
6615	0
6616	2
6617	0
6618	1
6619	0
6620	1
6621	1
6622	1
6623	0
6624	1
6625	0
6626	1
6627	0
6628	0
6629	1
6630	0
6631	0
6632	2
6633	1
6634	2
6635	0
6636	0
6637	0
6638	0
6639	1
6640	1
6641	0
6642	1
6643	3
6644	0
6645	0
6646	1
6647	0
6648	0
6649	0
6650	1
6651	1
6652	1
6653	0
6654	2
6655	0
6656	2
6657	1
6658	0
6659	1
6660	0
6661	1
6662	0
6663	1
6664	1
6665	0
6666	0
6667	0
6668	1
6669	1
6670	0
6671	0
6672	1
6673	2
6674	0
6675	0
6676	0
6677	0
6678	1
6679	1
6680	1
6681	0
6682	0
6683	1
6684	0
6685	1
6686	0
6687	0
6688	0
6689	0
6690	1
6691	3
6692	0
6693	0
6694	0
6695	0
6696	0
6697	0
6698	0
6699	0
6700	0
6701	0
6702	0
6703	0
6704	1
6705	1
6706	1
6707	2
6708	1
6709	0
6710	0
6711	1
6712	0
6713	0
6714	1
6715	1
6716	1
6717	0
6718	0
6719	0
6720	0
6721	0
6722	0
6723	1
6724	0
6725	0
6726	1
6727	1
6728	0
6729	1
6730	0
6731	1
6732	0
6733	0
6734	0
6735	1
6736	1
6737	2
6738	0
6739	0
6740	1
6741	1
6742	0
6743	1
6744	1
6745	1
6746	0
6747	3
6748	0
6749	0
6750	0
6751	2
6752	1
6753	0
6754	0
6755	0
6756	0
6757	0
6758	0
6759	2
6760	0
6761	1
6762	1
6763	0
6764	0
6765	0
6766	0
6767	2
6768	0
6769	1
6770	2
6771	0
6772	0
6773	1
6774	0
6775	1
6776	0
6777	0
6778	0
6779	0
6780	1
6781	0
6782	0
6783	0
6784	0
6785	2
6786	1
6787	0
6788	0
6789	2
6790	1
6791	0
6792	0
6793	0
6794	0
6795	0
6796	0
6797	0
6798	1
6799	2
6800	0
6801	0
6802	0
6803	1
6804	0
6805	0
6806	2
6807	2
6808	0
6809	1
6810	0
6811	0
6812	0
6813	0
6814	1
6815	0
6816	0
6817	0
6818	1
6819	1
6820	0
6821	1
6822	0
6823	0
6824	0
6825	0
6826	0
6827	0
6828	1
6829	1
6830	0
6831	2
6832	0
6833	2
6834	0
6835	0
6836	0
6837	0
6838	0
6839	0
6840	0
6841	0
6842	0
6843	3
6844	0
6845	0
6846	0
6847	0
6848	1
6849	0
6850	0
6851	0
6852	0
6853	0
6854	1
6855	0
6856	0
6857	0
6858	0
6859	0
6860	0
6861	0
6862	0
6863	0
6864	0
6865	0
6866	1
6867	0
6868	1
6869	0
6870	0
6871	1
6872	0
6873	0
6874	1
6875	0
6876	2
6877	0
6878	0
6879	1
6880	1
6881	1
6882	3
6883	0
6884	0
6885	1
6886	0
6887	0
6888	1
6889	0
6890	2
6891	0
6892	0
6893	1
6894	1
6895	2
6896	0
6897	0
6898	0
6899	0
6900	1
6901	0
6902	0
6903	0
6904	1
6905	1
6906	0
6907	1
6908	0
6909	0
6910	2
6911	1
6912	0
6913	0
6914	0
6915	0
6916	0
6917	0
6918	0
6919	0
6920	0
6921	1
6922	0
6923	1
6924	2
6925	0
6926	0
6927	0
6928	0
6929	0
6930	0
6931	0
6932	0
6933	1
6934	0
6935	0
6936	0
6937	0
6938	0
6939	0
6940	1
6941	1
6942	0
6943	0
6944	0
6945	0
6946	0
6947	1
6948	0
6949	0
6950	0
6951	0
6952	0
6953	1
6954	0
6955	0
6956	0
6957	1
6958	1
6959	0
6960	0
6961	1
6962	0
6963	0
6964	0
6965	1
6966	0
6967	0
6968	0
6969	1
6970	0
6971	0
6972	3
6973	2
6974	0
6975	0
6976	0
6977	0
6978	0
6979	0
6980	0
6981	0
6982	0
6983	0
6984	0
6985	0
6986	1
6987	1
6988	0
6989	0
6990	0
6991	0
6992	0
6993	1
6994	0
6995	2
6996	0
6997	1
6998	0
6999	1
7000	0
7001	0
7002	1
7003	0
7004	1
7005	0
7006	0
7007	0
7008	1
7009	2
7010	1
7011	0
7012	0
7013	0
7014	0
7015	1
7016	0
7017	0
7018	0
7019	0
7020	0
7021	1
7022	0
7023	1
7024	1
7025	0
7026	0
7027	3
7028	1
7029	0
7030	0
7031	0
7032	0
7033	1
7034	0
7035	1
7036	0
7037	0
7038	0
7039	0
7040	0
7041	4
7042	0
7043	0
7044	1
7045	2
7046	1
7047	0
7048	1
7049	1
7050	0
7051	1
7052	0
7053	0
7054	0
7055	0
7056	0
7057	0
7058	0
7059	0
7060	0
7061	0
7062	0
7063	0
7064	0
7065	1
7066	1
7067	1
7068	0
7069	0
7070	0
7071	0
7072	0
7073	1
7074	0
7075	0
7076	0
7077	1
7078	0
7079	0
7080	0
7081	0
7082	0
7083	0
7084	0
7085	0
7086	1
7087	1
7088	0
7089	1
7090	0
7091	0
7092	1
7093	0
7094	1
7095	0
7096	0
7097	1
7098	0
7099	0
7100	0
7101	0
7102	0
7103	0
7104	1
7105	0
7106	0
7107	0
7108	1
7109	0
7110	1
7111	1
7112	0
7113	0
7114	2
7115	1
7116	0
7117	1
7118	0
7119	1
7120	1
7121	1
7122	0
7123	0
7124	0
7125	0
7126	0
7127	0
7128	0
7129	1
7130	2
7131	0
7132	0
7133	0
7134	0
7135	0
7136	0
7137	0
7138	0
7139	1
7140	0
7141	1
7142	0
7143	0
7144	0
7145	0
7146	0
7147	0
7148	1
7149	0
7150	1
7151	0
7152	0
7153	0
7154	0
7155	1
7156	0
7157	1
7158	0
7159	1
7160	0
7161	1
7162	0
7163	0
7164	0
7165	1
7166	1
7167	0
7168	0
7169	0
7170	0
7171	0
7172	0
7173	0
7174	0
7175	0
7176	0
7177	2
7178	0
7179	1
7180	0
7181	0
7182	0
7183	0
7184	0
7185	0
7186	0
7187	0
7188	1
7189	1
7190	1
7191	1
7192	2
7193	2
7194	0
7195	1
7196	0
7197	0
7198	0
7199	0
7200	0
7201	0
7202	1
7203	1
7204	0
7205	1
7206	1
7207	0
7208	0
7209	0
7210	0
7211	0
7212	0
7213	1
7214	1
7215	0
7216	0
7217	2
7218	0
7219	0
7220	0
7221	0
7222	0
7223	0
7224	1
7225	3
7226	0
7227	0
7228	0
7229	0
7230	0
7231	0
7232	0
7233	3
7234	0
7235	0
7236	0
7237	0
7238	1
7239	0
7240	0
7241	0
7242	1
7243	0
7244	0
7245	0
7246	1
7247	0
7248	0
7249	0
7250	0
7251	0
7252	1
7253	0
7254	0
7255	0
7256	0
7257	0
7258	0
7259	0
7260	1
7261	0
7262	1
7263	0
7264	1
7265	1
7266	2
7267	0
7268	0
7269	0
7270	0
7271	1
7272	1
7273	1
7274	0
7275	0
7276	0
7277	1
7278	0
7279	1
7280	0
7281	0
7282	3
7283	0
7284	1
7285	0
7286	0
7287	3
7288	0
7289	0
7290	1
7291	0
7292	0
7293	1
7294	1
7295	1
7296	0
7297	2
7298	0
7299	0
7300	0
7301	1
7302	0
7303	0
7304	2
7305	2
7306	0
7307	1
7308	0
7309	0
7310	0
7311	0
7312	1
7313	0
7314	0
7315	0
7316	0
7317	1
7318	1
7319	1
7320	1
7321	0
7322	1
7323	0
7324	0
7325	1
7326	0
7327	0
7328	0
7329	0
7330	0
7331	1
7332	1
7333	0
7334	0
7335	0
7336	0
7337	2
7338	1
7339	0
7340	1
7341	1
7342	0
7343	0
7344	0
7345	0
7346	1
7347	0
7348	0
7349	0
7350	1
7351	0
7352	2
7353	0
7354	2
7355	0
7356	1
7357	0
7358	2
7359	1
7360	0
7361	1
7362	1
7363	0
7364	1
7365	0
7366	1
7367	0
7368	0
7369	0
7370	0
7371	0
7372	0
7373	2
7374	0
7375	1
7376	1
7377	1
7378	0
7379	2
7380	0
7381	0
7382	1
7383	0
7384	0
7385	0
7386	0
7387	0
7388	0
7389	0
7390	1
7391	1
7392	1
7393	0
7394	0
7395	2
7396	0
7397	1
7398	1
7399	0
7400	1
7401	0
7402	0
7403	1
7404	0
7405	0
7406	1
7407	0
7408	0
7409	0
7410	2
7411	0
7412	1
7413	0
7414	0
7415	0
7416	0
7417	0
7418	0
7419	0
7420	2
7421	3
7422	0
7423	0
7424	1
7425	0
7426	0
7427	0
7428	2
7429	0
7430	0
7431	0
7432	0
7433	0
7434	3
7435	0
7436	0
7437	1
7438	1
7439	1
7440	0
7441	2
7442	0
7443	1
7444	0
7445	2
7446	0
7447	1
7448	1
7449	0
7450	0
7451	0
7452	0
7453	0
7454	1
7455	0
7456	1
7457	2
7458	0
7459	0
7460	2
7461	2
7462	0
7463	1
7464	1
7465	0
7466	0
7467	1
7468	1
7469	1
7470	0
7471	0
7472	2
7473	0
7474	0
7475	1
7476	0
7477	0
7478	1
7479	0
7480	0
7481	0
7482	1
7483	0
7484	1
7485	0
7486	1
7487	2
7488	1
7489	1
7490	1
7491	2
7492	2
7493	0
7494	1
7495	1
7496	2
7497	1
7498	1
7499	0
7500	1
7501	1
7502	1
7503	0
7504	1
7505	0
7506	0
7507	2
7508	0
7509	1
7510	1
7511	0
7512	4
7513	0
7514	1
7515	0
7516	2
7517	1
7518	2
7519	0
7520	1
7521	0
7522	1
7523	0
7524	0
7525	0
7526	1
7527	1
7528	3
7529	0
7530	1
7531	3
7532	2
7533	2
7534	0
7535	1
7536	1
7537	1
7538	0
7539	0
7540	0
7541	0
7542	0
7543	3
7544	1
7545	1
7546	0
7547	2
7548	0
7549	1
7550	1
7551	0
7552	0
7553	1
7554	0
7555	0
7556	2
7557	2
7558	1
7559	0
7560	2
7561	1
7562	2
7563	2
7564	1
7565	0
7566	2
7567	1
7568	0
7569	2
7570	1
7571	0
7572	1
7573	0
7574	2
7575	0
7576	1
7577	3
7578	2
7579	0
7580	1
7581	0
7582	0
7583	1
7584	3
7585	0
7586	0
7587	1
7588	1
7589	1
7590	3
7591	3
7592	3
7593	1
7594	1
7595	2
7596	1
7597	3
7598	1
7599	0
7600	1
7601	1
7602	0
7603	0
7604	1
7605	0
7606	1
7607	2
7608	2
7609	1
7610	0
7611	1
7612	0
7613	0
7614	2
7615	3
7616	0
7617	4
7618	2
7619	0
7620	0
7621	0
7622	1
7623	2
7624	1
7625	0
7626	1
7627	1
7628	1
7629	5
7630	2
7631	0
7632	1
7633	2
7634	1
7635	1
7636	1
7637	1
7638	0
7639	1
7640	1
7641	2
7642	3
7643	0
7644	1
7645	3
7646	2
7647	4
7648	0
7649	2
7650	1
7651	1
7652	2
7653	1
7654	2
7655	0
7656	0
7657	1
7658	1
7659	1
7660	1
7661	3
7662	0
7663	0
7664	3
7665	0
7666	2
7667	1
7668	0
7669	1
7670	0
7671	1
7672	0
7673	3
7674	1
7675	0
7676	2
7677	3
7678	0
7679	1
7680	1
7681	1
7682	1
7683	3
7684	0
7685	0
7686	1
7687	0
7688	0
7689	1
7690	0
7691	0
7692	1
7693	0
7694	0
7695	3
7696	3
7697	2
7698	2
7699	0
7700	1
7701	2
7702	0
7703	0
7704	1
7705	0
7706	2
7707	1
7708	0
7709	0
7710	2
7711	3
7712	1
7713	2
7714	0
7715	1
7716	0
7717	2
7718	1
7719	1
7720	0
7721	0
7722	0
7723	1
7724	0
7725	2
7726	2
7727	0
7728	1
7729	1
7730	2
7731	0
7732	2
7733	3
7734	2
7735	0
7736	1
7737	0
7738	2
7739	1
7740	1
7741	0
7742	2
7743	1
7744	1
7745	1
7746	1
7747	1
7748	0
7749	0
7750	0
7751	1
7752	1
7753	2
7754	1
7755	1
7756	1
7757	1
7758	1
7759	0
7760	1
7761	0
7762	1
7763	2
7764	2
7765	0
7766	2
7767	0
7768	2
7769	0
7770	0
7771	1
7772	2
7773	0
7774	1
7775	0
7776	1
7777	2
7778	1
7779	1
7780	0
7781	0
7782	3
7783	0
7784	0
7785	0
7786	2
7787	1
7788	0
7789	2
7790	1
7791	0
7792	1
7793	1
7794	2
7795	2
7796	1
7797	1
7798	3
7799	3
7800	0
7801	1
7802	2
7803	1
7804	2
7805	0
7806	0
7807	1
7808	1
7809	1
7810	1
7811	0
7812	1
7813	1
7814	2
7815	3
7816	4
7817	0
7818	1
7819	1
7820	1
7821	2
7822	2
7823	1
7824	1
7825	1
7826	1
7827	1
7828	3
7829	2
7830	0
7831	2
7832	1
7833	1
7834	0
7835	0
7836	0
7837	1
7838	0
7839	3
7840	2
7841	1
7842	0
7843	1
7844	0
7845	1
7846	0
7847	1
7848	1
7849	0
7850	1
7851	0
7852	2
7853	0
7854	2
7855	0
7856	0
7857	1
7858	1
7859	1
7860	0
7861	0
7862	2
7863	1
7864	0
7865	1
7866	0
7867	4
7868	1
7869	3
7870	2
7871	0
7872	0
7873	0
7874	1
7875	1
7876	1
7877	2
7878	1
7879	1
7880	0
7881	2
7882	0
7883	0
7884	0
7885	1
7886	3
7887	1
7888	2
7889	0
7890	2
7891	0
7892	1
7893	1
7894	0
7895	1
7896	1
7897	1
7898	0
7899	3
7900	2
7901	1
7902	1
7903	2
7904	2
7905	1
7906	1
7907	0
7908	0
7909	2
7910	1
7911	2
7912	2
7913	0
7914	1
7915	1
7916	1
7917	0
7918	0
7919	0
7920	0
7921	0
7922	1
7923	1
7924	1
7925	2
7926	1
7927	1
7928	0
7929	0
7930	0
7931	1
7932	0
7933	1
7934	0
7935	0
7936	3
7937	0
7938	1
7939	0
7940	1
7941	0
7942	0
7943	1
7944	1
7945	1
7946	0
7947	1
7948	0
7949	1
7950	0
7951	3
7952	0
7953	1
7954	0
7955	1
7956	0
7957	0
7958	1
7959	0
7960	2
7961	1
7962	0
7963	0
7964	1
7965	2
7966	1
7967	0
7968	0
7969	1
7970	0
7971	0
7972	2
7973	0
7974	1
7975	0
7976	1
7977	1
7978	0
7979	1
7980	0
7981	0
7982	0
7983	1
7984	0
7985	0
7986	0
7987	0
7988	0
7989	1
7990	1
7991	1
7992	1
7993	0
7994	0
7995	0
7996	1
7997	0
7998	2
7999	1
8000	0
8001	0
8002	0
8003	0
8004	0
8005	0
8006	0
8007	1
8008	1
8009	2
8010	0
8011	1
8012	0
8013	0
8014	1
8015	1
8016	0
8017	0
8018	0
8019	2
8020	1
8021	0
8022	0
8023	0
8024	0
8025	2
8026	1
8027	0
8028	2
8029	1
8030	0
8031	0
8032	1
8033	0
8034	0
8035	1
8036	0
8037	0
8038	0
8039	0
8040	0
8041	1
8042	1
8043	0
8044	1
8045	1
8046	0
8047	1
8048	1
8049	1
8050	1
8051	0
8052	1
8053	0
8054	1
8055	1
8056	1
8057	0
8058	0
8059	0
8060	1
8061	0
8062	0
8063	0
8064	1
8065	2
8066	0
8067	0
8068	0
8069	1
8070	1
8071	0
8072	0
8073	0
8074	0
8075	1
8076	1
8077	0
8078	0
8079	0
8080	0
8081	0
8082	1
8083	1
8084	0
8085	1
8086	1
8087	3
8088	1
8089	0
8090	0
8091	1
8092	0
8093	0
8094	0
8095	0
8096	0
8097	0
8098	0
8099	0
8100	0
8101	0
8102	0
8103	0
8104	0
8105	0
8106	0
8107	0
8108	0
8109	0
8110	0
8111	0
8112	0
8113	0
8114	0
8115	0
8116	0
8117	0
8118	0
8119	0
8120	0
8121	0
8122	0
8123	0
8124	0
8125	0
8126	0
8127	0
8128	0
8129	0
8130	0
8131	0
8132	0
8133	0
8134	0
8135	0
8136	0
8137	0
8138	0
8139	0
8140	0
8141	0
8142	0
8143	0
8144	0
8145	0
8146	0
8147	0
8148	0
8149	0
8150	0
8151	0
8152	0
8153	0
8154	0
8155	0
8156	0
8157	0
8158	0
8159	0
8160	0
8161	0
8162	0
8163	0
8164	0
8165	0
8166	0
8167	0
8168	0
8169	0
8170	0
8171	0
8172	0
8173	0
8174	0
8175	0
8176	0
8177	0
8178	0
8179	0
8180	0
8181	0
8182	0
8183	0
8184	0
8185	0
8186	0
8187	0
8188	0
8189	0
8190	0
8191	0
