0	0
1	0
2	0
3	0
4	0
5	0
6	0
7	0
8	0
9	0
10	0
11	0
12	0
13	0
14	0
15	0
16	0
17	0
18	0
19	0
20	0
21	0
22	0
23	0
24	0
25	0
26	0
27	0
28	0
29	0
30	0
31	0
32	0
33	0
34	0
35	0
36	0
37	0
38	0
39	0
40	0
41	0
42	0
43	0
44	0
45	0
46	0
47	0
48	0
49	0
50	0
51	0
52	0
53	0
54	0
55	0
56	0
57	0
58	0
59	0
60	0
61	0
62	0
63	0
64	0
65	0
66	0
67	0
68	0
69	0
70	0
71	0
72	0
73	0
74	0
75	0
76	0
77	0
78	0
79	0
80	0
81	0
82	0
83	0
84	0
85	0
86	0
87	0
88	0
89	0
90	0
91	0
92	0
93	0
94	0
95	0
96	0
97	0
98	0
99	0
100	0
101	0
102	0
103	0
104	0
105	0
106	0
107	0
108	0
109	0
110	0
111	0
112	0
113	0
114	0
115	0
116	0
117	0
118	0
119	0
120	0
121	0
122	0
123	0
124	0
125	0
126	0
127	0
128	0
129	0
130	0
131	0
132	0
133	2
134	10
135	39
136	52
137	75
138	67
139	77
140	67
141	85
142	68
143	60
144	63
145	65
146	72
147	63
148	77
149	73
150	73
151	55
152	73
153	55
154	61
155	68
156	68
157	49
158	73
159	77
160	63
161	64
162	81
163	81
164	56
165	50
166	73
167	79
168	50
169	64
170	66
171	59
172	66
173	58
174	63
175	63
176	66
177	68
178	64
179	60
180	59
181	77
182	69
183	75
184	71
185	73
186	66
187	70
188	71
189	75
190	65
191	67
192	57
193	67
194	62
195	75
196	63
197	60
198	65
199	66
200	67
201	82
202	56
203	70
204	87
205	53
206	51
207	67
208	55
209	69
210	75
211	66
212	71
213	55
214	70
215	61
216	75
217	73
218	81
219	80
220	81
221	85
222	96
223	102
224	85
225	72
226	65
227	68
228	68
229	57
230	65
231	67
232	71
233	75
234	64
235	61
236	66
237	71
238	59
239	47
240	70
241	50
242	60
243	48
244	62
245	54
246	49
247	57
248	59
249	61
250	58
251	51
252	70
253	85
254	70
255	62
256	73
257	73
258	80
259	71
260	65
261	68
262	67
263	50
264	70
265	61
266	70
267	70
268	67
269	63
270	64
271	77
272	75
273	70
274	69
275	69
276	72
277	64
278	61
279	53
280	70
281	72
282	77
283	65
284	77
285	75
286	60
287	72
288	59
289	77
290	67
291	63
292	80
293	71
294	57
295	65
296	71
297	70
298	65
299	63
300	79
301	71
302	72
303	70
304	85
305	88
306	82
307	85
308	100
309	108
310	100
311	91
312	82
313	106
314	86
315	70
316	84
317	90
318	50
319	75
320	81
321	79
322	63
323	84
324	91
325	83
326	66
327	80
328	77
329	73
330	66
331	62
332	67
333	84
334	78
335	64
336	90
337	74
338	58
339	77
340	78
341	69
342	82
343	74
344	83
345	94
346	71
347	98
348	84
349	84
350	80
351	86
352	91
353	80
354	115
355	126
356	173
357	220
358	240
359	270
360	231
361	234
362	185
363	187
364	158
365	148
366	182
367	207
368	322
369	339
370	386
371	380
372	394
373	305
374	271
375	178
376	145
377	88
378	94
379	97
380	102
381	73
382	99
383	84
384	85
385	79
386	90
387	84
388	75
389	70
390	60
391	71
392	87
393	74
394	72
395	70
396	80
397	71
398	73
399	66
400	65
401	73
402	71
403	79
404	66
405	68
406	83
407	78
408	74
409	78
410	69
411	65
412	53
413	65
414	90
415	87
416	98
417	98
418	150
419	149
420	184
421	212
422	244
423	242
424	187
425	169
426	138
427	109
428	99
429	92
430	84
431	81
432	105
433	96
434	99
435	102
436	124
437	128
438	104
439	101
440	87
441	59
442	77
443	54
444	68
445	75
446	67
447	68
448	71
449	81
450	76
451	60
452	75
453	55
454	59
455	64
456	53
457	65
458	91
459	91
460	96
461	136
462	128
463	152
464	145
465	154
466	109
467	104
468	86
469	72
470	66
471	56
472	65
473	48
474	68
475	50
476	55
477	61
478	68
479	63
480	61
481	51
482	70
483	64
484	48
485	54
486	54
487	55
488	50
489	57
490	61
491	71
492	71
493	48
494	75
495	58
496	59
497	71
498	54
499	52
500	71
501	58
502	59
503	58
504	80
505	48
506	50
507	58
508	49
509	72
510	51
511	60
512	52
513	54
514	52
515	45
516	59
517	66
518	45
519	59
520	64
521	61
522	63
523	58
524	70
525	66
526	59
527	52
528	54
529	53
530	47
531	53
532	59
533	64
534	65
535	56
536	55
537	44
538	59
539	61
540	57
541	64
542	55
543	53
544	60
545	58
546	52
547	69
548	54
549	76
550	69
551	46
552	53
553	60
554	48
555	53
556	57
557	46
558	53
559	73
560	65
561	64
562	60
563	66
564	71
565	54
566	51
567	65
568	60
569	45
570	58
571	58
572	69
573	48
574	53
575	51
576	90
577	61
578	60
579	71
580	63
581	63
582	64
583	65
584	50
585	49
586	51
587	54
588	51
589	71
590	71
591	61
592	56
593	55
594	65
595	65
596	50
597	59
598	53
599	63
600	36
601	46
602	50
603	57
604	60
605	62
606	52
607	55
608	66
609	67
610	62
611	61
612	51
613	54
614	70
615	63
616	62
617	65
618	67
619	57
620	62
621	79
622	68
623	72
624	62
625	55
626	59
627	75
628	68
629	47
630	59
631	49
632	59
633	61
634	46
635	66
636	55
637	56
638	60
639	59
640	59
641	51
642	55
643	49
644	50
645	70
646	41
647	64
648	52
649	54
650	57
651	64
652	62
653	85
654	51
655	67
656	54
657	67
658	60
659	52
660	54
661	57
662	61
663	48
664	59
665	59
666	51
667	51
668	65
669	59
670	49
671	46
672	49
673	58
674	63
675	48
676	57
677	61
678	54
679	66
680	59
681	69
682	50
683	62
684	63
685	51
686	56
687	60
688	53
689	56
690	54
691	70
692	66
693	65
694	67
695	40
696	59
697	67
698	58
699	50
700	55
701	57
702	48
703	55
704	59
705	57
706	63
707	57
708	54
709	45
710	57
711	58
712	67
713	66
714	57
715	56
716	65
717	68
718	63
719	55
720	68
721	66
722	78
723	46
724	52
725	57
726	55
727	64
728	50
729	61
730	58
731	60
732	66
733	78
734	50
735	72
736	66
737	57
738	55
739	62
740	70
741	54
742	55
743	56
744	48
745	54
746	58
747	50
748	58
749	56
750	57
751	67
752	71
753	63
754	58
755	45
756	53
757	55
758	52
759	72
760	64
761	61
762	65
763	61
764	64
765	46
766	64
767	49
768	63
769	58
770	53
771	55
772	58
773	77
774	68
775	62
776	62
777	57
778	57
779	47
780	56
781	73
782	58
783	65
784	63
785	53
786	60
787	71
788	54
789	47
790	58
791	49
792	47
793	61
794	57
795	53
796	68
797	64
798	70
799	51
800	59
801	57
802	52
803	54
804	63
805	63
806	57
807	60
808	66
809	58
810	55
811	39
812	49
813	63
814	58
815	60
816	49
817	58
818	65
819	50
820	54
821	54
822	58
823	56
824	53
825	56
826	59
827	56
828	62
829	59
830	69
831	61
832	67
833	74
834	52
835	75
836	58
837	70
838	49
839	66
840	53
841	47
842	53
843	66
844	66
845	58
846	44
847	48
848	75
849	68
850	50
851	68
852	55
853	45
854	56
855	56
856	64
857	62
858	54
859	57
860	50
861	56
862	59
863	55
864	66
865	46
866	60
867	48
868	56
869	67
870	57
871	58
872	60
873	61
874	60
875	45
876	48
877	68
878	66
879	55
880	46
881	46
882	52
883	50
884	61
885	62
886	47
887	56
888	62
889	58
890	62
891	64
892	69
893	48
894	54
895	63
896	49
897	51
898	52
899	58
900	45
901	65
902	57
903	57
904	73
905	56
906	65
907	83
908	60
909	61
910	49
911	72
912	56
913	61
914	62
915	60
916	50
917	51
918	48
919	56
920	47
921	58
922	63
923	55
924	55
925	67
926	51
927	62
928	57
929	47
930	45
931	68
932	55
933	53
934	60
935	52
936	44
937	60
938	53
939	42
940	66
941	57
942	47
943	43
944	64
945	63
946	58
947	66
948	75
949	118
950	116
951	100
952	98
953	105
954	85
955	75
956	76
957	57
958	67
959	58
960	57
961	50
962	49
963	49
964	62
965	59
966	60
967	49
968	61
969	64
970	46
971	62
972	46
973	54
974	54
975	69
976	57
977	67
978	62
979	54
980	56
981	48
982	64
983	48
984	63
985	52
986	71
987	54
988	54
989	59
990	56
991	48
992	53
993	56
994	53
995	57
996	48
997	63
998	63
999	55
1000	51
1001	59
1002	51
1003	57
1004	54
1005	59
1006	69
1007	55
1008	44
1009	54
1010	66
1011	55
1012	52
1013	54
1014	58
1015	58
1016	58
1017	48
1018	60
1019	54
1020	41
1021	49
1022	62
1023	55
1024	53
1025	42
1026	54
1027	42
1028	49
1029	53
1030	65
1031	46
1032	54
1033	65
1034	67
1035	63
1036	59
1037	52
1038	46
1039	59
1040	57
1041	50
1042	67
1043	44
1044	61
1045	52
1046	55
1047	54
1048	56
1049	58
1050	61
1051	60
1052	57
1053	59
1054	71
1055	49
1056	51
1057	60
1058	37
1059	50
1060	53
1061	66
1062	62
1063	51
1064	52
1065	66
1066	55
1067	48
1068	52
1069	66
1070	53
1071	57
1072	56
1073	64
1074	62
1075	50
1076	67
1077	51
1078	58
1079	54
1080	55
1081	59
1082	47
1083	50
1084	54
1085	51
1086	72
1087	50
1088	58
1089	64
1090	57
1091	50
1092	63
1093	58
1094	51
1095	50
1096	56
1097	55
1098	58
1099	53
1100	43
1101	54
1102	69
1103	54
1104	44
1105	55
1106	52
1107	60
1108	53
1109	62
1110	46
1111	54
1112	51
1113	46
1114	43
1115	49
1116	57
1117	55
1118	53
1119	36
1120	55
1121	61
1122	64
1123	47
1124	55
1125	60
1126	62
1127	39
1128	55
1129	45
1130	68
1131	58
1132	49
1133	53
1134	54
1135	47
1136	60
1137	53
1138	57
1139	51
1140	59
1141	65
1142	63
1143	55
1144	56
1145	56
1146	58
1147	78
1148	52
1149	60
1150	67
1151	47
1152	46
1153	63
1154	52
1155	46
1156	73
1157	57
1158	35
1159	63
1160	49
1161	53
1162	53
1163	56
1164	54
1165	51
1166	54
1167	53
1168	57
1169	49
1170	56
1171	63
1172	54
1173	57
1174	44
1175	58
1176	45
1177	41
1178	50
1179	49
1180	64
1181	60
1182	65
1183	60
1184	58
1185	61
1186	62
1187	60
1188	55
1189	54
1190	34
1191	42
1192	44
1193	62
1194	53
1195	58
1196	45
1197	52
1198	41
1199	59
1200	40
1201	58
1202	52
1203	54
1204	66
1205	56
1206	41
1207	54
1208	71
1209	46
1210	53
1211	73
1212	75
1213	61
1214	54
1215	63
1216	44
1217	49
1218	79
1219	52
1220	55
1221	60
1222	49
1223	69
1224	67
1225	78
1226	88
1227	95
1228	94
1229	81
1230	91
1231	87
1232	63
1233	66
1234	50
1235	56
1236	55
1237	50
1238	54
1239	52
1240	45
1241	54
1242	60
1243	77
1244	72
1245	67
1246	64
1247	63
1248	60
1249	58
1250	54
1251	54
1252	47
1253	39
1254	52
1255	56
1256	48
1257	50
1258	60
1259	53
1260	56
1261	43
1262	47
1263	53
1264	55
1265	55
1266	51
1267	55
1268	52
1269	34
1270	61
1271	41
1272	57
1273	45
1274	54
1275	48
1276	34
1277	57
1278	53
1279	43
1280	41
1281	53
1282	57
1283	53
1284	44
1285	55
1286	54
1287	32
1288	65
1289	47
1290	65
1291	62
1292	69
1293	49
1294	53
1295	47
1296	56
1297	47
1298	50
1299	58
1300	56
1301	37
1302	49
1303	56
1304	50
1305	69
1306	57
1307	60
1308	44
1309	53
1310	65
1311	43
1312	47
1313	55
1314	61
1315	46
1316	50
1317	54
1318	47
1319	36
1320	48
1321	56
1322	45
1323	55
1324	46
1325	44
1326	58
1327	47
1328	55
1329	47
1330	49
1331	48
1332	52
1333	56
1334	57
1335	49
1336	44
1337	44
1338	48
1339	49
1340	59
1341	48
1342	55
1343	45
1344	55
1345	39
1346	48
1347	46
1348	54
1349	57
1350	48
1351	47
1352	40
1353	43
1354	37
1355	53
1356	49
1357	49
1358	49
1359	56
1360	41
1361	47
1362	49
1363	49
1364	51
1365	41
1366	59
1367	46
1368	53
1369	48
1370	44
1371	49
1372	52
1373	41
1374	48
1375	51
1376	46
1377	38
1378	45
1379	47
1380	49
1381	52
1382	35
1383	51
1384	48
1385	44
1386	50
1387	48
1388	64
1389	69
1390	48
1391	43
1392	61
1393	79
1394	53
1395	53
1396	68
1397	66
1398	50
1399	55
1400	56
1401	53
1402	41
1403	45
1404	51
1405	54
1406	58
1407	36
1408	48
1409	52
1410	43
1411	47
1412	46
1413	47
1414	57
1415	52
1416	42
1417	41
1418	53
1419	45
1420	50
1421	51
1422	39
1423	54
1424	51
1425	49
1426	52
1427	56
1428	48
1429	41
1430	51
1431	50
1432	45
1433	53
1434	32
1435	53
1436	52
1437	43
1438	46
1439	45
1440	48
1441	41
1442	50
1443	44
1444	53
1445	42
1446	53
1447	41
1448	50
1449	43
1450	38
1451	48
1452	58
1453	47
1454	41
1455	58
1456	51
1457	42
1458	53
1459	48
1460	46
1461	50
1462	45
1463	54
1464	40
1465	51
1466	46
1467	42
1468	40
1469	51
1470	44
1471	37
1472	47
1473	53
1474	56
1475	42
1476	47
1477	57
1478	53
1479	50
1480	53
1481	49
1482	54
1483	41
1484	36
1485	46
1486	43
1487	56
1488	47
1489	33
1490	51
1491	52
1492	50
1493	44
1494	47
1495	36
1496	46
1497	55
1498	40
1499	51
1500	48
1501	52
1502	45
1503	37
1504	61
1505	52
1506	43
1507	49
1508	52
1509	37
1510	41
1511	40
1512	37
1513	49
1514	49
1515	43
1516	38
1517	54
1518	42
1519	46
1520	40
1521	48
1522	58
1523	67
1524	61
1525	68
1526	56
1527	80
1528	49
1529	34
1530	41
1531	56
1532	58
1533	48
1534	47
1535	50
1536	51
1537	42
1538	39
1539	44
1540	42
1541	40
1542	38
1543	39
1544	45
1545	42
1546	46
1547	49
1548	45
1549	43
1550	42
1551	49
1552	44
1553	39
1554	40
1555	31
1556	50
1557	45
1558	46
1559	36
1560	42
1561	44
1562	33
1563	48
1564	47
1565	44
1566	52
1567	61
1568	46
1569	36
1570	39
1571	50
1572	49
1573	54
1574	58
1575	33
1576	31
1577	50
1578	43
1579	43
1580	41
1581	44
1582	43
1583	41
1584	46
1585	38
1586	47
1587	26
1588	44
1589	43
1590	41
1591	57
1592	38
1593	37
1594	48
1595	36
1596	50
1597	50
1598	48
1599	55
1600	32
1601	46
1602	51
1603	32
1604	37
1605	49
1606	37
1607	44
1608	41
1609	41
1610	45
1611	38
1612	44
1613	38
1614	36
1615	45
1616	47
1617	46
1618	42
1619	51
1620	44
1621	34
1622	43
1623	46
1624	48
1625	47
1626	44
1627	43
1628	44
1629	48
1630	42
1631	43
1632	38
1633	40
1634	48
1635	45
1636	44
1637	35
1638	49
1639	54
1640	46
1641	47
1642	49
1643	32
1644	48
1645	37
1646	39
1647	55
1648	46
1649	33
1650	53
1651	41
1652	46
1653	30
1654	53
1655	29
1656	37
1657	45
1658	32
1659	44
1660	32
1661	54
1662	44
1663	33
1664	26
1665	34
1666	40
1667	39
1668	42
1669	41
1670	40
1671	48
1672	47
1673	41
1674	50
1675	36
1676	51
1677	42
1678	45
1679	32
1680	41
1681	51
1682	38
1683	46
1684	47
1685	51
1686	40
1687	51
1688	38
1689	34
1690	57
1691	40
1692	39
1693	33
1694	45
1695	38
1696	37
1697	47
1698	54
1699	49
1700	30
1701	49
1702	32
1703	36
1704	51
1705	36
1706	39
1707	39
1708	45
1709	45
1710	35
1711	53
1712	34
1713	61
1714	41
1715	44
1716	38
1717	38
1718	36
1719	39
1720	41
1721	51
1722	46
1723	45
1724	47
1725	37
1726	45
1727	34
1728	45
1729	54
1730	34
1731	38
1732	46
1733	42
1734	49
1735	44
1736	40
1737	37
1738	58
1739	38
1740	39
1741	51
1742	44
1743	41
1744	43
1745	37
1746	38
1747	51
1748	50
1749	54
1750	46
1751	51
1752	58
1753	55
1754	42
1755	44
1756	45
1757	40
1758	37
1759	37
1760	46
1761	43
1762	47
1763	30
1764	33
1765	39
1766	35
1767	30
1768	33
1769	37
1770	34
1771	37
1772	52
1773	44
1774	33
1775	49
1776	35
1777	49
1778	29
1779	39
1780	54
1781	45
1782	46
1783	35
1784	43
1785	52
1786	40
1787	52
1788	29
1789	32
1790	39
1791	34
1792	31
1793	34
1794	37
1795	43
1796	38
1797	54
1798	46
1799	30
1800	49
1801	24
1802	50
1803	36
1804	39
1805	29
1806	45
1807	47
1808	40
1809	40
1810	49
1811	30
1812	44
1813	50
1814	49
1815	55
1816	64
1817	53
1818	78
1819	64
1820	69
1821	72
1822	69
1823	60
1824	58
1825	51
1826	53
1827	38
1828	40
1829	36
1830	50
1831	31
1832	36
1833	49
1834	37
1835	39
1836	48
1837	33
1838	33
1839	36
1840	42
1841	28
1842	37
1843	38
1844	39
1845	44
1846	38
1847	36
1848	29
1849	28
1850	40
1851	40
1852	21
1853	27
1854	48
1855	38
1856	33
1857	49
1858	34
1859	49
1860	43
1861	33
1862	44
1863	37
1864	49
1865	32
1866	45
1867	33
1868	40
1869	33
1870	46
1871	34
1872	47
1873	35
1874	40
1875	30
1876	35
1877	37
1878	34
1879	51
1880	38
1881	41
1882	31
1883	33
1884	32
1885	49
1886	42
1887	32
1888	32
1889	35
1890	32
1891	37
1892	35
1893	40
1894	38
1895	24
1896	41
1897	36
1898	43
1899	42
1900	42
1901	44
1902	43
1903	42
1904	24
1905	38
1906	34
1907	25
1908	37
1909	26
1910	44
1911	39
1912	37
1913	36
1914	34
1915	34
1916	31
1917	39
1918	33
1919	42
1920	42
1921	33
1922	32
1923	38
1924	41
1925	35
1926	36
1927	27
1928	29
1929	37
1930	31
1931	38
1932	40
1933	48
1934	47
1935	39
1936	39
1937	45
1938	42
1939	45
1940	38
1941	49
1942	30
1943	48
1944	46
1945	36
1946	37
1947	39
1948	42
1949	40
1950	39
1951	30
1952	37
1953	34
1954	35
1955	30
1956	25
1957	31
1958	37
1959	36
1960	48
1961	42
1962	30
1963	26
1964	39
1965	41
1966	36
1967	34
1968	34
1969	37
1970	41
1971	52
1972	34
1973	42
1974	38
1975	50
1976	34
1977	47
1978	44
1979	28
1980	35
1981	36
1982	36
1983	36
1984	32
1985	35
1986	32
1987	35
1988	44
1989	24
1990	38
1991	41
1992	37
1993	38
1994	26
1995	36
1996	38
1997	36
1998	38
1999	33
2000	40
2001	39
2002	37
2003	39
2004	29
2005	41
2006	42
2007	30
2008	34
2009	40
2010	33
2011	35
2012	43
2013	27
2014	36
2015	37
2016	32
2017	46
2018	28
2019	38
2020	41
2021	34
2022	46
2023	36
2024	45
2025	46
2026	39
2027	43
2028	27
2029	32
2030	27
2031	37
2032	42
2033	44
2034	31
2035	30
2036	39
2037	26
2038	38
2039	40
2040	36
2041	44
2042	37
2043	34
2044	33
2045	40
2046	40
2047	33
2048	37
2049	33
2050	38
2051	28
2052	40
2053	30
2054	36
2055	42
2056	44
2057	41
2058	35
2059	38
2060	32
2061	29
2062	37
2063	28
2064	30
2065	33
2066	33
2067	40
2068	25
2069	41
2070	35
2071	34
2072	40
2073	34
2074	53
2075	45
2076	35
2077	39
2078	30
2079	34
2080	33
2081	36
2082	33
2083	42
2084	38
2085	44
2086	32
2087	26
2088	23
2089	29
2090	37
2091	36
2092	44
2093	44
2094	33
2095	33
2096	40
2097	33
2098	45
2099	29
2100	35
2101	32
2102	35
2103	38
2104	19
2105	27
2106	27
2107	39
2108	31
2109	51
2110	34
2111	43
2112	36
2113	39
2114	43
2115	25
2116	36
2117	44
2118	40
2119	38
2120	26
2121	35
2122	33
2123	38
2124	32
2125	39
2126	23
2127	35
2128	38
2129	40
2130	37
2131	47
2132	28
2133	38
2134	41
2135	30
2136	33
2137	35
2138	39
2139	42
2140	38
2141	32
2142	44
2143	39
2144	33
2145	31
2146	28
2147	36
2148	28
2149	35
2150	30
2151	39
2152	27
2153	37
2154	35
2155	34
2156	36
2157	28
2158	34
2159	32
2160	34
2161	33
2162	30
2163	25
2164	35
2165	42
2166	38
2167	30
2168	37
2169	34
2170	35
2171	28
2172	49
2173	35
2174	35
2175	33
2176	42
2177	28
2178	36
2179	33
2180	31
2181	29
2182	39
2183	29
2184	35
2185	28
2186	34
2187	34
2188	36
2189	29
2190	38
2191	38
2192	28
2193	31
2194	28
2195	39
2196	28
2197	29
2198	35
2199	20
2200	35
2201	35
2202	31
2203	39
2204	23
2205	39
2206	30
2207	31
2208	40
2209	40
2210	33
2211	32
2212	37
2213	38
2214	26
2215	40
2216	38
2217	29
2218	34
2219	31
2220	26
2221	35
2222	34
2223	25
2224	33
2225	29
2226	31
2227	31
2228	33
2229	43
2230	29
2231	25
2232	30
2233	30
2234	34
2235	39
2236	37
2237	29
2238	31
2239	30
2240	35
2241	27
2242	27
2243	32
2244	26
2245	24
2246	28
2247	28
2248	35
2249	36
2250	25
2251	29
2252	29
2253	32
2254	37
2255	41
2256	33
2257	38
2258	26
2259	30
2260	30
2261	28
2262	29
2263	32
2264	40
2265	37
2266	19
2267	29
2268	29
2269	41
2270	31
2271	26
2272	28
2273	38
2274	23
2275	43
2276	49
2277	38
2278	43
2279	25
2280	33
2281	36
2282	34
2283	20
2284	38
2285	37
2286	22
2287	29
2288	34
2289	26
2290	27
2291	22
2292	24
2293	34
2294	33
2295	39
2296	30
2297	23
2298	28
2299	30
2300	24
2301	38
2302	25
2303	26
2304	24
2305	33
2306	36
2307	26
2308	29
2309	39
2310	32
2311	42
2312	36
2313	25
2314	37
2315	32
2316	43
2317	33
2318	29
2319	30
2320	26
2321	39
2322	29
2323	25
2324	28
2325	29
2326	25
2327	36
2328	28
2329	31
2330	30
2331	31
2332	29
2333	35
2334	32
2335	35
2336	23
2337	32
2338	28
2339	36
2340	33
2341	33
2342	31
2343	32
2344	24
2345	22
2346	35
2347	34
2348	44
2349	28
2350	28
2351	38
2352	35
2353	33
2354	27
2355	24
2356	25
2357	31
2358	25
2359	37
2360	42
2361	38
2362	40
2363	37
2364	37
2365	24
2366	28
2367	32
2368	32
2369	25
2370	30
2371	35
2372	23
2373	33
2374	38
2375	33
2376	29
2377	30
2378	39
2379	31
2380	36
2381	42
2382	29
2383	22
2384	30
2385	32
2386	40
2387	24
2388	32
2389	23
2390	32
2391	27
2392	37
2393	25
2394	30
2395	32
2396	37
2397	41
2398	39
2399	30
2400	37
2401	23
2402	23
2403	27
2404	31
2405	38
2406	38
2407	36
2408	28
2409	37
2410	22
2411	28
2412	40
2413	28
2414	29
2415	30
2416	39
2417	40
2418	35
2419	29
2420	34
2421	30
2422	40
2423	32
2424	30
2425	33
2426	30
2427	39
2428	31
2429	30
2430	30
2431	24
2432	24
2433	33
2434	42
2435	33
2436	29
2437	23
2438	31
2439	31
2440	31
2441	41
2442	40
2443	24
2444	32
2445	43
2446	36
2447	30
2448	27
2449	36
2450	24
2451	30
2452	25
2453	30
2454	40
2455	33
2456	31
2457	36
2458	31
2459	29
2460	32
2461	37
2462	31
2463	39
2464	44
2465	36
2466	24
2467	38
2468	21
2469	30
2470	27
2471	30
2472	31
2473	30
2474	19
2475	22
2476	36
2477	25
2478	28
2479	19
2480	40
2481	26
2482	29
2483	34
2484	35
2485	31
2486	25
2487	20
2488	30
2489	38
2490	24
2491	41
2492	32
2493	29
2494	34
2495	19
2496	37
2497	29
2498	24
2499	20
2500	24
2501	25
2502	25
2503	33
2504	34
2505	32
2506	31
2507	37
2508	35
2509	27
2510	28
2511	25
2512	31
2513	38
2514	32
2515	34
2516	34
2517	31
2518	22
2519	21
2520	33
2521	35
2522	20
2523	25
2524	37
2525	22
2526	35
2527	30
2528	29
2529	27
2530	32
2531	34
2532	30
2533	29
2534	39
2535	31
2536	38
2537	29
2538	28
2539	34
2540	31
2541	30
2542	25
2543	28
2544	32
2545	22
2546	26
2547	34
2548	31
2549	31
2550	27
2551	26
2552	34
2553	28
2554	36
2555	29
2556	25
2557	33
2558	33
2559	29
2560	30
2561	19
2562	41
2563	29
2564	36
2565	27
2566	26
2567	30
2568	29
2569	34
2570	23
2571	19
2572	29
2573	41
2574	32
2575	23
2576	27
2577	33
2578	29
2579	22
2580	22
2581	30
2582	36
2583	35
2584	27
2585	33
2586	25
2587	23
2588	34
2589	22
2590	31
2591	25
2592	29
2593	24
2594	30
2595	32
2596	32
2597	39
2598	30
2599	30
2600	26
2601	35
2602	31
2603	24
2604	18
2605	29
2606	35
2607	31
2608	24
2609	23
2610	35
2611	20
2612	33
2613	25
2614	30
2615	26
2616	28
2617	27
2618	39
2619	34
2620	26
2621	26
2622	27
2623	36
2624	41
2625	23
2626	24
2627	23
2628	34
2629	35
2630	31
2631	43
2632	33
2633	30
2634	31
2635	38
2636	37
2637	48
2638	40
2639	50
2640	52
2641	56
2642	59
2643	70
2644	62
2645	86
2646	83
2647	92
2648	108
2649	103
2650	124
2651	115
2652	116
2653	148
2654	136
2655	127
2656	131
2657	104
2658	107
2659	86
2660	87
2661	79
2662	59
2663	66
2664	58
2665	40
2666	45
2667	58
2668	50
2669	33
2670	44
2671	36
2672	27
2673	39
2674	35
2675	26
2676	36
2677	31
2678	30
2679	24
2680	30
2681	26
2682	26
2683	37
2684	35
2685	27
2686	40
2687	31
2688	35
2689	37
2690	28
2691	31
2692	36
2693	19
2694	24
2695	26
2696	25
2697	19
2698	29
2699	26
2700	33
2701	32
2702	32
2703	26
2704	30
2705	29
2706	28
2707	31
2708	28
2709	29
2710	29
2711	29
2712	25
2713	34
2714	27
2715	27
2716	26
2717	34
2718	26
2719	25
2720	34
2721	32
2722	19
2723	27
2724	24
2725	28
2726	24
2727	34
2728	22
2729	29
2730	34
2731	26
2732	30
2733	26
2734	27
2735	25
2736	24
2737	37
2738	32
2739	24
2740	16
2741	34
2742	16
2743	26
2744	24
2745	23
2746	29
2747	25
2748	29
2749	29
2750	30
2751	22
2752	33
2753	25
2754	25
2755	38
2756	32
2757	25
2758	18
2759	35
2760	32
2761	19
2762	36
2763	32
2764	34
2765	34
2766	28
2767	29
2768	37
2769	24
2770	27
2771	43
2772	21
2773	24
2774	31
2775	27
2776	27
2777	22
2778	27
2779	25
2780	22
2781	32
2782	23
2783	27
2784	33
2785	32
2786	28
2787	20
2788	30
2789	25
2790	30
2791	28
2792	27
2793	28
2794	35
2795	31
2796	29
2797	31
2798	32
2799	24
2800	20
2801	30
2802	24
2803	28
2804	30
2805	27
2806	27
2807	36
2808	26
2809	30
2810	27
2811	22
2812	32
2813	31
2814	15
2815	25
2816	33
2817	18
2818	31
2819	31
2820	37
2821	29
2822	19
2823	30
2824	22
2825	34
2826	26
2827	24
2828	33
2829	28
2830	35
2831	35
2832	27
2833	34
2834	27
2835	22
2836	30
2837	26
2838	16
2839	26
2840	30
2841	31
2842	23
2843	22
2844	30
2845	37
2846	27
2847	22
2848	31
2849	28
2850	32
2851	26
2852	37
2853	25
2854	35
2855	26
2856	33
2857	28
2858	34
2859	35
2860	24
2861	25
2862	30
2863	28
2864	34
2865	24
2866	27
2867	32
2868	26
2869	35
2870	22
2871	16
2872	26
2873	29
2874	23
2875	22
2876	27
2877	28
2878	22
2879	21
2880	26
2881	23
2882	31
2883	32
2884	29
2885	32
2886	18
2887	23
2888	19
2889	35
2890	42
2891	19
2892	23
2893	32
2894	27
2895	14
2896	30
2897	28
2898	28
2899	24
2900	24
2901	31
2902	28
2903	26
2904	26
2905	34
2906	28
2907	29
2908	31
2909	32
2910	24
2911	22
2912	32
2913	32
2914	23
2915	23
2916	23
2917	20
2918	24
2919	17
2920	17
2921	25
2922	30
2923	32
2924	26
2925	25
2926	26
2927	25
2928	25
2929	17
2930	32
2931	30
2932	22
2933	33
2934	30
2935	29
2936	26
2937	29
2938	42
2939	31
2940	23
2941	32
2942	23
2943	34
2944	27
2945	22
2946	26
2947	33
2948	22
2949	29
2950	24
2951	32
2952	31
2953	35
2954	32
2955	40
2956	25
2957	26
2958	34
2959	35
2960	25
2961	37
2962	29
2963	31
2964	34
2965	25
2966	27
2967	21
2968	25
2969	28
2970	32
2971	29
2972	20
2973	23
2974	23
2975	35
2976	27
2977	32
2978	25
2979	30
2980	24
2981	23
2982	21
2983	21
2984	45
2985	27
2986	25
2987	21
2988	28
2989	29
2990	35
2991	25
2992	31
2993	25
2994	25
2995	37
2996	24
2997	28
2998	21
2999	33
3000	33
3001	18
3002	28
3003	33
3004	29
3005	32
3006	38
3007	28
3008	27
3009	28
3010	26
3011	24
3012	26
3013	31
3014	36
3015	20
3016	21
3017	20
3018	35
3019	30
3020	29
3021	23
3022	29
3023	25
3024	41
3025	30
3026	33
3027	28
3028	42
3029	28
3030	31
3031	46
3032	40
3033	39
3034	38
3035	28
3036	28
3037	35
3038	26
3039	31
3040	31
3041	20
3042	27
3043	25
3044	25
3045	19
3046	24
3047	22
3048	21
3049	28
3050	21
3051	19
3052	26
3053	28
3054	29
3055	23
3056	27
3057	29
3058	34
3059	21
3060	26
3061	26
3062	27
3063	25
3064	22
3065	20
3066	33
3067	22
3068	34
3069	33
3070	38
3071	14
3072	24
3073	19
3074	24
3075	43
3076	26
3077	30
3078	21
3079	26
3080	34
3081	29
3082	25
3083	33
3084	41
3085	25
3086	30
3087	24
3088	27
3089	27
3090	26
3091	23
3092	30
3093	28
3094	29
3095	32
3096	35
3097	21
3098	15
3099	38
3100	23
3101	28
3102	29
3103	31
3104	29
3105	15
3106	39
3107	23
3108	26
3109	26
3110	29
3111	17
3112	33
3113	34
3114	22
3115	27
3116	28
3117	36
3118	22
3119	19
3120	29
3121	22
3122	21
3123	24
3124	27
3125	20
3126	24
3127	26
3128	26
3129	18
3130	27
3131	33
3132	28
3133	22
3134	29
3135	19
3136	25
3137	23
3138	27
3139	22
3140	36
3141	27
3142	38
3143	30
3144	29
3145	24
3146	23
3147	24
3148	27
3149	26
3150	36
3151	26
3152	42
3153	29
3154	23
3155	28
3156	22
3157	37
3158	35
3159	22
3160	41
3161	34
3162	40
3163	46
3164	46
3165	50
3166	57
3167	46
3168	58
3169	56
3170	46
3171	52
3172	52
3173	36
3174	41
3175	37
3176	31
3177	28
3178	30
3179	27
3180	30
3181	23
3182	28
3183	19
3184	27
3185	35
3186	30
3187	32
3188	27
3189	31
3190	29
3191	32
3192	25
3193	27
3194	24
3195	33
3196	18
3197	24
3198	27
3199	29
3200	28
3201	18
3202	28
3203	40
3204	29
3205	31
3206	21
3207	27
3208	23
3209	21
3210	25
3211	32
3212	29
3213	30
3214	36
3215	24
3216	24
3217	24
3218	22
3219	31
3220	26
3221	25
3222	23
3223	28
3224	26
3225	28
3226	18
3227	27
3228	27
3229	25
3230	18
3231	33
3232	24
3233	17
3234	17
3235	25
3236	24
3237	27
3238	27
3239	29
3240	36
3241	23
3242	29
3243	24
3244	26
3245	27
3246	24
3247	22
3248	20
3249	21
3250	27
3251	18
3252	29
3253	36
3254	28
3255	23
3256	26
3257	17
3258	27
3259	25
3260	23
3261	30
3262	18
3263	28
3264	21
3265	25
3266	25
3267	22
3268	34
3269	23
3270	21
3271	25
3272	24
3273	18
3274	23
3275	23
3276	19
3277	19
3278	30
3279	26
3280	20
3281	25
3282	22
3283	31
3284	25
3285	24
3286	27
3287	25
3288	22
3289	18
3290	23
3291	20
3292	27
3293	32
3294	25
3295	27
3296	27
3297	27
3298	21
3299	22
3300	22
3301	20
3302	25
3303	30
3304	22
3305	31
3306	22
3307	22
3308	22
3309	22
3310	35
3311	25
3312	26
3313	26
3314	20
3315	30
3316	22
3317	21
3318	20
3319	18
3320	17
3321	26
3322	32
3323	29
3324	24
3325	26
3326	23
3327	31
3328	25
3329	21
3330	23
3331	31
3332	18
3333	19
3334	21
3335	36
3336	25
3337	21
3338	30
3339	27
3340	31
3341	28
3342	22
3343	20
3344	20
3345	23
3346	32
3347	17
3348	23
3349	22
3350	20
3351	24
3352	33
3353	23
3354	30
3355	21
3356	17
3357	34
3358	18
3359	29
3360	16
3361	26
3362	29
3363	24
3364	24
3365	27
3366	27
3367	27
3368	25
3369	26
3370	28
3371	20
3372	19
3373	20
3374	20
3375	16
3376	17
3377	28
3378	21
3379	26
3380	24
3381	28
3382	23
3383	14
3384	31
3385	17
3386	27
3387	21
3388	26
3389	22
3390	28
3391	19
3392	18
3393	21
3394	25
3395	31
3396	24
3397	31
3398	25
3399	26
3400	23
3401	30
3402	32
3403	17
3404	24
3405	25
3406	25
3407	22
3408	31
3409	22
3410	22
3411	28
3412	21
3413	18
3414	23
3415	31
3416	17
3417	22
3418	22
3419	29
3420	23
3421	27
3422	19
3423	24
3424	16
3425	24
3426	31
3427	23
3428	24
3429	27
3430	22
3431	31
3432	25
3433	36
3434	30
3435	41
3436	46
3437	48
3438	55
3439	56
3440	64
3441	62
3442	61
3443	65
3444	54
3445	68
3446	52
3447	55
3448	47
3449	34
3450	33
3451	28
3452	24
3453	30
3454	32
3455	33
3456	28
3457	21
3458	24
3459	22
3460	18
3461	23
3462	24
3463	28
3464	24
3465	20
3466	29
3467	17
3468	24
3469	17
3470	21
3471	22
3472	21
3473	28
3474	18
3475	28
3476	19
3477	23
3478	27
3479	25
3480	29
3481	33
3482	23
3483	16
3484	18
3485	28
3486	25
3487	26
3488	24
3489	19
3490	22
3491	24
3492	12
3493	28
3494	23
3495	18
3496	16
3497	25
3498	32
3499	20
3500	30
3501	24
3502	28
3503	21
3504	21
3505	18
3506	21
3507	30
3508	23
3509	15
3510	28
3511	18
3512	22
3513	28
3514	30
3515	25
3516	18
3517	17
3518	20
3519	27
3520	18
3521	35
3522	18
3523	27
3524	27
3525	19
3526	29
3527	24
3528	22
3529	27
3530	23
3531	25
3532	29
3533	23
3534	32
3535	21
3536	30
3537	15
3538	24
3539	19
3540	24
3541	24
3542	26
3543	21
3544	18
3545	22
3546	17
3547	17
3548	19
3549	35
3550	31
3551	19
3552	21
3553	28
3554	30
3555	24
3556	31
3557	25
3558	24
3559	22
3560	29
3561	27
3562	31
3563	23
3564	23
3565	24
3566	28
3567	19
3568	21
3569	24
3570	30
3571	27
3572	31
3573	16
3574	24
3575	17
3576	29
3577	23
3578	19
3579	26
3580	20
3581	14
3582	25
3583	27
3584	19
3585	20
3586	17
3587	24
3588	26
3589	31
3590	25
3591	23
3592	24
3593	21
3594	28
3595	28
3596	28
3597	27
3598	25
3599	32
3600	19
3601	30
3602	17
3603	21
3604	18
3605	24
3606	23
3607	22
3608	28
3609	20
3610	31
3611	28
3612	19
3613	24
3614	23
3615	20
3616	31
3617	24
3618	19
3619	15
3620	32
3621	31
3622	21
3623	23
3624	24
3625	19
3626	13
3627	27
3628	26
3629	16
3630	30
3631	21
3632	25
3633	14
3634	22
3635	20
3636	21
3637	12
3638	26
3639	33
3640	30
3641	27
3642	31
3643	24
3644	21
3645	22
3646	29
3647	25
3648	22
3649	32
3650	28
3651	25
3652	35
3653	32
3654	28
3655	31
3656	18
3657	29
3658	21
3659	16
3660	30
3661	21
3662	26
3663	25
3664	29
3665	21
3666	19
3667	19
3668	33
3669	21
3670	25
3671	22
3672	27
3673	24
3674	21
3675	27
3676	31
3677	26
3678	18
3679	30
3680	24
3681	21
3682	31
3683	24
3684	23
3685	16
3686	19
3687	31
3688	22
3689	24
3690	39
3691	24
3692	32
3693	17
3694	19
3695	27
3696	31
3697	22
3698	22
3699	20
3700	30
3701	16
3702	23
3703	23
3704	21
3705	17
3706	19
3707	24
3708	21
3709	19
3710	30
3711	17
3712	27
3713	17
3714	24
3715	24
3716	24
3717	30
3718	24
3719	23
3720	18
3721	32
3722	20
3723	19
3724	27
3725	26
3726	21
3727	19
3728	24
3729	17
3730	20
3731	17
3732	20
3733	23
3734	29
3735	33
3736	26
3737	17
3738	19
3739	20
3740	17
3741	27
3742	19
3743	20
3744	19
3745	26
3746	24
3747	27
3748	18
3749	23
3750	21
3751	33
3752	14
3753	24
3754	19
3755	30
3756	29
3757	23
3758	18
3759	26
3760	16
3761	28
3762	25
3763	19
3764	21
3765	23
3766	20
3767	20
3768	31
3769	32
3770	19
3771	12
3772	17
3773	41
3774	23
3775	25
3776	24
3777	20
3778	19
3779	37
3780	21
3781	19
3782	30
3783	25
3784	21
3785	33
3786	29
3787	16
3788	22
3789	27
3790	30
3791	25
3792	22
3793	14
3794	20
3795	29
3796	15
3797	26
3798	26
3799	39
3800	16
3801	20
3802	26
3803	21
3804	32
3805	17
3806	32
3807	25
3808	25
3809	22
3810	37
3811	28
3812	17
3813	23
3814	24
3815	14
3816	22
3817	16
3818	17
3819	17
3820	22
3821	16
3822	20
3823	19
3824	27
3825	19
3826	19
3827	27
3828	29
3829	12
3830	13
3831	26
3832	21
3833	24
3834	28
3835	24
3836	20
3837	24
3838	26
3839	18
3840	15
3841	30
3842	28
3843	24
3844	21
3845	24
3846	23
3847	21
3848	14
3849	27
3850	23
3851	18
3852	22
3853	19
3854	25
3855	28
3856	25
3857	21
3858	23
3859	27
3860	25
3861	27
3862	21
3863	19
3864	21
3865	19
3866	27
3867	13
3868	21
3869	16
3870	17
3871	20
3872	22
3873	20
3874	20
3875	15
3876	19
3877	21
3878	19
3879	23
3880	25
3881	24
3882	20
3883	19
3884	21
3885	22
3886	21
3887	23
3888	25
3889	13
3890	20
3891	26
3892	20
3893	19
3894	17
3895	14
3896	17
3897	18
3898	25
3899	21
3900	22
3901	24
3902	22
3903	28
3904	20
3905	18
3906	19
3907	17
3908	25
3909	21
3910	20
3911	15
3912	26
3913	19
3914	21
3915	26
3916	19
3917	19
3918	27
3919	22
3920	23
3921	24
3922	18
3923	18
3924	23
3925	28
3926	19
3927	26
3928	26
3929	21
3930	14
3931	30
3932	27
3933	30
3934	19
3935	17
3936	20
3937	27
3938	19
3939	21
3940	31
3941	15
3942	33
3943	27
3944	22
3945	18
3946	22
3947	23
3948	20
3949	21
3950	27
3951	30
3952	20
3953	14
3954	16
3955	18
3956	21
3957	16
3958	18
3959	14
3960	18
3961	24
3962	22
3963	19
3964	9
3965	17
3966	30
3967	20
3968	27
3969	17
3970	20
3971	28
3972	27
3973	17
3974	29
3975	13
3976	22
3977	25
3978	15
3979	10
3980	20
3981	19
3982	18
3983	19
3984	21
3985	14
3986	24
3987	19
3988	21
3989	16
3990	22
3991	21
3992	28
3993	21
3994	29
3995	30
3996	19
3997	11
3998	27
3999	27
4000	30
4001	26
4002	22
4003	29
4004	23
4005	28
4006	17
4007	18
4008	21
4009	27
4010	24
4011	25
4012	23
4013	20
4014	28
4015	24
4016	24
4017	19
4018	17
4019	29
4020	24
4021	9
4022	25
4023	14
4024	10
4025	24
4026	12
4027	22
4028	18
4029	21
4030	16
4031	28
4032	16
4033	21
4034	19
4035	19
4036	21
4037	27
4038	31
4039	19
4040	17
4041	29
4042	23
4043	24
4044	28
4045	23
4046	19
4047	14
4048	16
4049	19
4050	21
4051	23
4052	22
4053	19
4054	18
4055	20
4056	21
4057	20
4058	26
4059	22
4060	23
4061	25
4062	21
4063	18
4064	18
4065	24
4066	27
4067	20
4068	28
4069	18
4070	11
4071	19
4072	18
4073	22
4074	21
4075	24
4076	19
4077	18
4078	17
4079	21
4080	12
4081	18
4082	19
4083	23
4084	15
4085	25
4086	18
4087	29
4088	21
4089	29
4090	24
4091	23
4092	18
4093	20
4094	22
4095	28
4096	18
4097	16
4098	25
4099	19
4100	17
4101	27
4102	17
4103	18
4104	17
4105	21
4106	25
4107	27
4108	17
4109	20
4110	16
4111	16
4112	21
4113	19
4114	25
4115	21
4116	19
4117	16
4118	18
4119	25
4120	20
4121	20
4122	14
4123	23
4124	15
4125	20
4126	18
4127	20
4128	17
4129	23
4130	25
4131	22
4132	24
4133	13
4134	28
4135	20
4136	22
4137	19
4138	19
4139	26
4140	26
4141	20
4142	23
4143	26
4144	14
4145	19
4146	17
4147	24
4148	20
4149	19
4150	27
4151	24
4152	20
4153	20
4154	15
4155	14
4156	25
4157	23
4158	14
4159	19
4160	16
4161	24
4162	18
4163	18
4164	26
4165	24
4166	13
4167	35
4168	18
4169	23
4170	30
4171	16
4172	27
4173	18
4174	17
4175	17
4176	23
4177	18
4178	20
4179	19
4180	18
4181	17
4182	26
4183	26
4184	27
4185	27
4186	14
4187	13
4188	19
4189	14
4190	21
4191	17
4192	22
4193	24
4194	15
4195	22
4196	17
4197	21
4198	22
4199	22
4200	15
4201	26
4202	22
4203	18
4204	15
4205	19
4206	25
4207	21
4208	19
4209	13
4210	22
4211	16
4212	20
4213	19
4214	18
4215	17
4216	16
4217	34
4218	17
4219	24
4220	26
4221	17
4222	12
4223	32
4224	21
4225	19
4226	15
4227	21
4228	17
4229	27
4230	14
4231	20
4232	22
4233	30
4234	22
4235	13
4236	22
4237	19
4238	20
4239	30
4240	26
4241	20
4242	22
4243	12
4244	20
4245	14
4246	17
4247	24
4248	17
4249	9
4250	20
4251	17
4252	16
4253	15
4254	19
4255	21
4256	24
4257	28
4258	22
4259	25
4260	22
4261	21
4262	17
4263	24
4264	17
4265	16
4266	17
4267	18
4268	25
4269	21
4270	14
4271	24
4272	17
4273	24
4274	21
4275	18
4276	13
4277	14
4278	17
4279	18
4280	21
4281	24
4282	22
4283	21
4284	17
4285	17
4286	18
4287	18
4288	21
4289	22
4290	27
4291	26
4292	21
4293	22
4294	24
4295	19
4296	21
4297	28
4298	18
4299	28
4300	19
4301	13
4302	17
4303	29
4304	19
4305	27
4306	22
4307	20
4308	17
4309	19
4310	18
4311	22
4312	22
4313	15
4314	28
4315	21
4316	22
4317	18
4318	23
4319	20
4320	22
4321	19
4322	20
4323	21
4324	18
4325	28
4326	26
4327	15
4328	18
4329	19
4330	20
4331	15
4332	20
4333	29
4334	19
4335	22
4336	28
4337	16
4338	20
4339	16
4340	25
4341	22
4342	29
4343	25
4344	17
4345	24
4346	16
4347	16
4348	20
4349	21
4350	21
4351	18
4352	15
4353	19
4354	16
4355	19
4356	26
4357	26
4358	11
4359	26
4360	15
4361	17
4362	19
4363	19
4364	21
4365	23
4366	20
4367	32
4368	16
4369	19
4370	30
4371	24
4372	15
4373	21
4374	21
4375	22
4376	14
4377	22
4378	27
4379	21
4380	20
4381	23
4382	24
4383	20
4384	16
4385	14
4386	26
4387	18
4388	28
4389	25
4390	15
4391	25
4392	20
4393	22
4394	21
4395	18
4396	15
4397	17
4398	16
4399	22
4400	20
4401	24
4402	17
4403	25
4404	17
4405	16
4406	23
4407	22
4408	18
4409	26
4410	22
4411	22
4412	21
4413	17
4414	21
4415	22
4416	25
4417	17
4418	19
4419	29
4420	18
4421	18
4422	25
4423	15
4424	17
4425	16
4426	12
4427	17
4428	22
4429	21
4430	23
4431	16
4432	16
4433	26
4434	15
4435	18
4436	11
4437	18
4438	21
4439	23
4440	23
4441	21
4442	16
4443	22
4444	20
4445	21
4446	21
4447	21
4448	17
4449	14
4450	21
4451	14
4452	19
4453	20
4454	26
4455	21
4456	14
4457	20
4458	17
4459	19
4460	17
4461	24
4462	16
4463	17
4464	23
4465	9
4466	18
4467	23
4468	25
4469	20
4470	15
4471	17
4472	12
4473	20
4474	21
4475	20
4476	20
4477	16
4478	17
4479	24
4480	27
4481	21
4482	18
4483	21
4484	19
4485	22
4486	26
4487	18
4488	12
4489	20
4490	19
4491	14
4492	22
4493	14
4494	17
4495	28
4496	22
4497	19
4498	18
4499	9
4500	12
4501	18
4502	15
4503	13
4504	19
4505	15
4506	26
4507	29
4508	28
4509	17
4510	16
4511	18
4512	18
4513	15
4514	20
4515	27
4516	15
4517	21
4518	21
4519	17
4520	17
4521	24
4522	21
4523	29
4524	21
4525	10
4526	27
4527	23
4528	23
4529	17
4530	18
4531	13
4532	19
4533	25
4534	19
4535	15
4536	24
4537	18
4538	16
4539	22
4540	28
4541	28
4542	16
4543	24
4544	23
4545	31
4546	15
4547	23
4548	22
4549	15
4550	21
4551	17
4552	17
4553	16
4554	22
4555	15
4556	18
4557	21
4558	17
4559	22
4560	14
4561	23
4562	16
4563	25
4564	13
4565	13
4566	15
4567	23
4568	10
4569	15
4570	19
4571	16
4572	12
4573	17
4574	13
4575	17
4576	13
4577	29
4578	24
4579	16
4580	21
4581	19
4582	17
4583	18
4584	19
4585	13
4586	23
4587	8
4588	17
4589	22
4590	14
4591	14
4592	22
4593	24
4594	19
4595	17
4596	21
4597	15
4598	17
4599	26
4600	26
4601	18
4602	21
4603	22
4604	18
4605	18
4606	15
4607	20
4608	25
4609	18
4610	19
4611	22
4612	22
4613	19
4614	18
4615	20
4616	14
4617	13
4618	19
4619	21
4620	20
4621	22
4622	20
4623	17
4624	14
4625	25
4626	26
4627	18
4628	19
4629	17
4630	19
4631	24
4632	15
4633	20
4634	28
4635	16
4636	20
4637	13
4638	20
4639	15
4640	14
4641	24
4642	24
4643	18
4644	15
4645	21
4646	19
4647	21
4648	13
4649	21
4650	19
4651	19
4652	31
4653	19
4654	12
4655	13
4656	17
4657	20
4658	15
4659	18
4660	19
4661	21
4662	20
4663	18
4664	14
4665	23
4666	30
4667	22
4668	21
4669	26
4670	17
4671	14
4672	18
4673	17
4674	16
4675	21
4676	17
4677	16
4678	27
4679	28
4680	22
4681	10
4682	20
4683	14
4684	18
4685	19
4686	22
4687	17
4688	29
4689	19
4690	20
4691	16
4692	16
4693	21
4694	23
4695	17
4696	13
4697	12
4698	18
4699	23
4700	13
4701	23
4702	22
4703	18
4704	17
4705	28
4706	18
4707	13
4708	16
4709	18
4710	20
4711	14
4712	16
4713	19
4714	16
4715	22
4716	20
4717	17
4718	10
4719	22
4720	21
4721	18
4722	15
4723	16
4724	21
4725	15
4726	17
4727	17
4728	14
4729	16
4730	25
4731	17
4732	17
4733	21
4734	23
4735	19
4736	21
4737	22
4738	22
4739	20
4740	15
4741	19
4742	24
4743	16
4744	26
4745	29
4746	26
4747	31
4748	41
4749	26
4750	35
4751	19
4752	35
4753	48
4754	20
4755	24
4756	26
4757	31
4758	23
4759	19
4760	20
4761	18
4762	15
4763	18
4764	24
4765	18
4766	17
4767	8
4768	16
4769	16
4770	17
4771	18
4772	11
4773	13
4774	13
4775	15
4776	18
4777	10
4778	24
4779	14
4780	16
4781	17
4782	14
4783	9
4784	12
4785	21
4786	15
4787	13
4788	14
4789	10
4790	7
4791	18
4792	21
4793	15
4794	20
4795	14
4796	19
4797	14
4798	13
4799	13
4800	21
4801	14
4802	16
4803	18
4804	15
4805	12
4806	14
4807	20
4808	21
4809	22
4810	13
4811	8
4812	13
4813	15
4814	12
4815	21
4816	16
4817	14
4818	15
4819	19
4820	17
4821	21
4822	16
4823	16
4824	20
4825	14
4826	15
4827	22
4828	16
4829	14
4830	27
4831	10
4832	14
4833	14
4834	12
4835	12
4836	19
4837	17
4838	15
4839	18
4840	16
4841	19
4842	14
4843	11
4844	19
4845	15
4846	28
4847	23
4848	19
4849	14
4850	18
4851	17
4852	17
4853	23
4854	14
4855	17
4856	15
4857	20
4858	17
4859	22
4860	8
4861	18
4862	20
4863	14
4864	20
4865	17
4866	14
4867	14
4868	16
4869	19
4870	18
4871	18
4872	9
4873	21
4874	12
4875	15
4876	22
4877	26
4878	19
4879	25
4880	19
4881	22
4882	8
4883	18
4884	19
4885	23
4886	22
4887	19
4888	15
4889	20
4890	22
4891	18
4892	18
4893	14
4894	23
4895	14
4896	14
4897	18
4898	25
4899	16
4900	15
4901	17
4902	17
4903	20
4904	15
4905	18
4906	28
4907	17
4908	17
4909	28
4910	17
4911	21
4912	9
4913	9
4914	18
4915	10
4916	17
4917	16
4918	12
4919	22
4920	20
4921	16
4922	19
4923	21
4924	12
4925	18
4926	22
4927	12
4928	14
4929	14
4930	16
4931	23
4932	15
4933	13
4934	11
4935	17
4936	15
4937	18
4938	17
4939	13
4940	22
4941	12
4942	17
4943	22
4944	18
4945	23
4946	20
4947	15
4948	32
4949	24
4950	16
4951	19
4952	17
4953	25
4954	16
4955	21
4956	19
4957	19
4958	18
4959	18
4960	18
4961	23
4962	24
4963	15
4964	24
4965	14
4966	13
4967	18
4968	16
4969	15
4970	11
4971	12
4972	15
4973	13
4974	15
4975	16
4976	11
4977	17
4978	18
4979	12
4980	21
4981	18
4982	14
4983	14
4984	16
4985	19
4986	20
4987	24
4988	13
4989	20
4990	11
4991	23
4992	17
4993	18
4994	18
4995	16
4996	14
4997	16
4998	17
4999	21
5000	15
5001	19
5002	17
5003	14
5004	15
5005	23
5006	22
5007	12
5008	4
5009	16
5010	14
5011	16
5012	14
5013	21
5014	15
5015	14
5016	24
5017	9
5018	18
5019	16
5020	18
5021	25
5022	24
5023	15
5024	23
5025	16
5026	23
5027	17
5028	16
5029	13
5030	22
5031	12
5032	18
5033	25
5034	22
5035	24
5036	23
5037	24
5038	22
5039	12
5040	14
5041	12
5042	17
5043	26
5044	13
5045	23
5046	16
5047	30
5048	24
5049	18
5050	21
5051	32
5052	16
5053	16
5054	25
5055	23
5056	20
5057	31
5058	25
5059	14
5060	32
5061	23
5062	28
5063	24
5064	18
5065	15
5066	13
5067	12
5068	14
5069	14
5070	21
5071	14
5072	12
5073	17
5074	15
5075	23
5076	22
5077	21
5078	17
5079	17
5080	20
5081	19
5082	18
5083	24
5084	19
5085	15
5086	19
5087	22
5088	15
5089	12
5090	22
5091	21
5092	18
5093	17
5094	16
5095	15
5096	14
5097	23
5098	9
5099	15
5100	17
5101	7
5102	21
5103	13
5104	14
5105	18
5106	15
5107	21
5108	29
5109	21
5110	17
5111	13
5112	18
5113	15
5114	15
5115	13
5116	15
5117	16
5118	25
5119	27
5120	11
5121	11
5122	18
5123	21
5124	18
5125	26
5126	22
5127	10
5128	9
5129	14
5130	22
5131	10
5132	23
5133	18
5134	23
5135	16
5136	14
5137	14
5138	15
5139	25
5140	20
5141	21
5142	16
5143	10
5144	12
5145	25
5146	14
5147	21
5148	15
5149	21
5150	14
5151	13
5152	13
5153	13
5154	10
5155	11
5156	17
5157	21
5158	19
5159	11
5160	15
5161	21
5162	12
5163	14
5164	15
5165	18
5166	14
5167	11
5168	16
5169	11
5170	19
5171	22
5172	21
5173	20
5174	20
5175	24
5176	18
5177	15
5178	14
5179	18
5180	14
5181	16
5182	20
5183	16
5184	14
5185	12
5186	14
5187	21
5188	15
5189	14
5190	20
5191	18
5192	27
5193	13
5194	13
5195	15
5196	22
5197	9
5198	15
5199	20
5200	15
5201	14
5202	17
5203	14
5204	21
5205	20
5206	16
5207	13
5208	15
5209	13
5210	8
5211	16
5212	14
5213	16
5214	13
5215	17
5216	19
5217	21
5218	12
5219	23
5220	17
5221	24
5222	19
5223	19
5224	13
5225	20
5226	14
5227	21
5228	21
5229	15
5230	16
5231	15
5232	11
5233	12
5234	9
5235	21
5236	16
5237	24
5238	17
5239	24
5240	12
5241	14
5242	15
5243	14
5244	14
5245	14
5246	13
5247	16
5248	12
5249	24
5250	22
5251	28
5252	20
5253	13
5254	19
5255	20
5256	13
5257	11
5258	19
5259	23
5260	14
5261	17
5262	17
5263	17
5264	12
5265	14
5266	22
5267	18
5268	19
5269	12
5270	11
5271	22
5272	13
5273	12
5274	19
5275	11
5276	20
5277	16
5278	20
5279	15
5280	21
5281	23
5282	17
5283	23
5284	25
5285	18
5286	22
5287	14
5288	10
5289	13
5290	16
5291	22
5292	17
5293	17
5294	11
5295	16
5296	21
5297	22
5298	18
5299	17
5300	18
5301	15
5302	16
5303	15
5304	22
5305	15
5306	20
5307	12
5308	17
5309	16
5310	10
5311	16
5312	15
5313	24
5314	17
5315	14
5316	15
5317	11
5318	13
5319	18
5320	14
5321	14
5322	12
5323	14
5324	11
5325	14
5326	15
5327	19
5328	26
5329	16
5330	18
5331	15
5332	11
5333	14
5334	19
5335	18
5336	13
5337	23
5338	15
5339	15
5340	20
5341	23
5342	15
5343	10
5344	12
5345	12
5346	16
5347	16
5348	19
5349	22
5350	18
5351	17
5352	21
5353	11
5354	26
5355	18
5356	18
5357	14
5358	13
5359	15
5360	18
5361	19
5362	8
5363	14
5364	18
5365	13
5366	18
5367	10
5368	15
5369	12
5370	10
5371	15
5372	20
5373	14
5374	17
5375	18
5376	14
5377	14
5378	18
5379	16
5380	13
5381	15
5382	18
5383	17
5384	25
5385	11
5386	17
5387	13
5388	27
5389	14
5390	20
5391	11
5392	16
5393	16
5394	10
5395	15
5396	14
5397	13
5398	22
5399	22
5400	11
5401	14
5402	16
5403	15
5404	24
5405	15
5406	12
5407	11
5408	20
5409	26
5410	20
5411	15
5412	16
5413	21
5414	18
5415	19
5416	14
5417	17
5418	14
5419	7
5420	20
5421	14
5422	21
5423	19
5424	10
5425	12
5426	15
5427	17
5428	13
5429	24
5430	17
5431	15
5432	13
5433	19
5434	11
5435	19
5436	18
5437	13
5438	19
5439	21
5440	12
5441	13
5442	12
5443	21
5444	22
5445	18
5446	17
5447	13
5448	11
5449	17
5450	10
5451	16
5452	21
5453	14
5454	13
5455	13
5456	12
5457	11
5458	13
5459	10
5460	12
5461	15
5462	16
5463	14
5464	10
5465	17
5466	14
5467	13
5468	20
5469	5
5470	16
5471	14
5472	15
5473	15
5474	16
5475	13
5476	18
5477	16
5478	17
5479	15
5480	18
5481	15
5482	10
5483	19
5484	15
5485	14
5486	23
5487	17
5488	7
5489	7
5490	18
5491	15
5492	25
5493	15
5494	21
5495	12
5496	11
5497	12
5498	19
5499	17
5500	12
5501	15
5502	16
5503	15
5504	13
5505	19
5506	13
5507	10
5508	11
5509	25
5510	22
5511	20
5512	16
5513	20
5514	13
5515	18
5516	14
5517	12
5518	13
5519	16
5520	19
5521	20
5522	15
5523	8
5524	24
5525	13
5526	15
5527	14
5528	13
5529	14
5530	11
5531	14
5532	13
5533	10
5534	17
5535	22
5536	12
5537	14
5538	11
5539	15
5540	17
5541	20
5542	15
5543	9
5544	19
5545	13
5546	18
5547	21
5548	14
5549	16
5550	17
5551	15
5552	9
5553	11
5554	15
5555	21
5556	14
5557	19
5558	15
5559	9
5560	7
5561	15
5562	14
5563	9
5564	12
5565	15
5566	14
5567	17
5568	14
5569	13
5570	21
5571	15
5572	10
5573	13
5574	15
5575	18
5576	14
5577	10
5578	13
5579	14
5580	12
5581	8
5582	22
5583	13
5584	12
5585	19
5586	16
5587	13
5588	23
5589	16
5590	22
5591	23
5592	11
5593	19
5594	11
5595	22
5596	21
5597	8
5598	20
5599	20
5600	15
5601	19
5602	14
5603	16
5604	14
5605	17
5606	17
5607	24
5608	22
5609	19
5610	17
5611	20
5612	18
5613	20
5614	15
5615	14
5616	16
5617	13
5618	9
5619	13
5620	15
5621	11
5622	10
5623	15
5624	7
5625	12
5626	13
5627	14
5628	14
5629	18
5630	20
5631	22
5632	11
5633	15
5634	18
5635	19
5636	13
5637	14
5638	18
5639	19
5640	11
5641	15
5642	12
5643	11
5644	17
5645	13
5646	16
5647	18
5648	17
5649	12
5650	12
5651	18
5652	20
5653	11
5654	15
5655	19
5656	17
5657	11
5658	17
5659	15
5660	13
5661	16
5662	7
5663	11
5664	11
5665	11
5666	17
5667	14
5668	8
5669	15
5670	7
5671	19
5672	14
5673	12
5674	8
5675	14
5676	16
5677	17
5678	16
5679	15
5680	16
5681	15
5682	11
5683	12
5684	8
5685	17
5686	17
5687	9
5688	9
5689	10
5690	12
5691	15
5692	11
5693	20
5694	15
5695	14
5696	17
5697	10
5698	14
5699	18
5700	18
5701	15
5702	13
5703	9
5704	11
5705	14
5706	16
5707	15
5708	21
5709	14
5710	14
5711	24
5712	17
5713	20
5714	11
5715	18
5716	12
5717	11
5718	19
5719	11
5720	18
5721	11
5722	21
5723	20
5724	16
5725	18
5726	12
5727	10
5728	13
5729	14
5730	12
5731	16
5732	19
5733	18
5734	13
5735	11
5736	14
5737	15
5738	12
5739	15
5740	15
5741	15
5742	11
5743	13
5744	10
5745	17
5746	16
5747	8
5748	9
5749	12
5750	13
5751	22
5752	14
5753	12
5754	18
5755	14
5756	14
5757	13
5758	16
5759	16
5760	14
5761	16
5762	14
5763	11
5764	19
5765	18
5766	20
5767	11
5768	20
5769	19
5770	15
5771	8
5772	19
5773	10
5774	12
5775	9
5776	14
5777	17
5778	20
5779	22
5780	19
5781	16
5782	16
5783	26
5784	10
5785	15
5786	14
5787	14
5788	9
5789	14
5790	11
5791	15
5792	7
5793	12
5794	21
5795	18
5796	14
5797	14
5798	13
5799	13
5800	17
5801	18
5802	28
5803	10
5804	17
5805	15
5806	13
5807	12
5808	15
5809	12
5810	13
5811	20
5812	18
5813	14
5814	17
5815	21
5816	16
5817	11
5818	16
5819	16
5820	15
5821	15
5822	15
5823	19
5824	18
5825	13
5826	6
5827	19
5828	9
5829	11
5830	8
5831	20
5832	18
5833	16
5834	17
5835	18
5836	17
5837	26
5838	20
5839	14
5840	25
5841	17
5842	27
5843	23
5844	25
5845	29
5846	20
5847	13
5848	25
5849	20
5850	14
5851	24
5852	28
5853	34
5854	27
5855	21
5856	16
5857	21
5858	30
5859	20
5860	14
5861	18
5862	18
5863	20
5864	15
5865	16
5866	13
5867	16
5868	15
5869	21
5870	21
5871	17
5872	15
5873	14
5874	13
5875	15
5876	17
5877	14
5878	16
5879	10
5880	20
5881	14
5882	16
5883	12
5884	18
5885	21
5886	13
5887	7
5888	15
5889	18
5890	10
5891	16
5892	11
5893	20
5894	15
5895	10
5896	18
5897	18
5898	9
5899	15
5900	19
5901	16
5902	12
5903	22
5904	9
5905	12
5906	14
5907	14
5908	15
5909	9
5910	12
5911	19
5912	13
5913	16
5914	7
5915	19
5916	17
5917	17
5918	20
5919	14
5920	20
5921	14
5922	13
5923	16
5924	11
5925	14
5926	18
5927	17
5928	15
5929	17
5930	5
5931	13
5932	13
5933	10
5934	16
5935	7
5936	19
5937	18
5938	11
5939	21
5940	13
5941	11
5942	19
5943	16
5944	24
5945	17
5946	17
5947	12
5948	13
5949	16
5950	15
5951	15
5952	10
5953	18
5954	11
5955	15
5956	19
5957	13
5958	23
5959	15
5960	19
5961	19
5962	13
5963	13
5964	12
5965	11
5966	22
5967	11
5968	11
5969	19
5970	14
5971	20
5972	16
5973	13
5974	12
5975	13
5976	13
5977	16
5978	17
5979	14
5980	18
5981	14
5982	7
5983	7
5984	17
5985	11
5986	15
5987	15
5988	11
5989	19
5990	13
5991	14
5992	12
5993	13
5994	16
5995	19
5996	12
5997	19
5998	15
5999	14
6000	18
6001	11
6002	11
6003	15
6004	12
6005	16
6006	23
6007	13
6008	14
6009	19
6010	19
6011	9
6012	12
6013	17
6014	10
6015	15
6016	11
6017	12
6018	19
6019	19
6020	11
6021	18
6022	16
6023	18
6024	12
6025	9
6026	17
6027	16
6028	20
6029	17
6030	15
6031	9
6032	13
6033	14
6034	13
6035	15
6036	21
6037	20
6038	14
6039	17
6040	14
6041	19
6042	17
6043	11
6044	11
6045	9
6046	12
6047	15
6048	15
6049	11
6050	9
6051	12
6052	11
6053	17
6054	16
6055	8
6056	18
6057	11
6058	12
6059	14
6060	24
6061	12
6062	19
6063	18
6064	17
6065	3
6066	15
6067	15
6068	12
6069	15
6070	9
6071	16
6072	13
6073	15
6074	9
6075	11
6076	8
6077	17
6078	15
6079	18
6080	14
6081	12
6082	13
6083	17
6084	10
6085	16
6086	15
6087	12
6088	16
6089	21
6090	16
6091	19
6092	16
6093	14
6094	14
6095	17
6096	13
6097	18
6098	6
6099	16
6100	21
6101	11
6102	16
6103	15
6104	13
6105	13
6106	12
6107	13
6108	9
6109	12
6110	16
6111	12
6112	6
6113	21
6114	16
6115	17
6116	16
6117	11
6118	17
6119	14
6120	15
6121	24
6122	17
6123	13
6124	17
6125	19
6126	11
6127	21
6128	15
6129	18
6130	20
6131	14
6132	11
6133	12
6134	14
6135	21
6136	21
6137	15
6138	18
6139	14
6140	20
6141	18
6142	15
6143	12
6144	10
6145	17
6146	17
6147	11
6148	12
6149	15
6150	13
6151	11
6152	11
6153	8
6154	9
6155	19
6156	12
6157	13
6158	15
6159	14
6160	19
6161	15
6162	21
6163	9
6164	12
6165	15
6166	14
6167	14
6168	6
6169	14
6170	19
6171	6
6172	14
6173	15
6174	12
6175	11
6176	11
6177	15
6178	16
6179	17
6180	22
6181	15
6182	21
6183	10
6184	8
6185	18
6186	16
6187	15
6188	8
6189	11
6190	22
6191	21
6192	17
6193	13
6194	16
6195	12
6196	10
6197	24
6198	12
6199	19
6200	18
6201	10
6202	16
6203	21
6204	14
6205	25
6206	14
6207	10
6208	12
6209	16
6210	19
6211	13
6212	14
6213	22
6214	17
6215	14
6216	11
6217	13
6218	15
6219	13
6220	17
6221	15
6222	18
6223	21
6224	10
6225	14
6226	11
6227	13
6228	6
6229	11
6230	12
6231	11
6232	11
6233	17
6234	7
6235	23
6236	14
6237	19
6238	19
6239	16
6240	13
6241	14
6242	14
6243	18
6244	13
6245	18
6246	12
6247	7
6248	20
6249	12
6250	20
6251	18
6252	19
6253	19
6254	11
6255	6
6256	15
6257	14
6258	12
6259	10
6260	20
6261	8
6262	14
6263	8
6264	19
6265	15
6266	13
6267	18
6268	15
6269	9
6270	19
6271	15
6272	13
6273	6
6274	18
6275	9
6276	12
6277	20
6278	21
6279	15
6280	13
6281	12
6282	14
6283	18
6284	17
6285	16
6286	19
6287	14
6288	19
6289	16
6290	12
6291	10
6292	15
6293	18
6294	9
6295	17
6296	21
6297	8
6298	13
6299	11
6300	11
6301	21
6302	11
6303	18
6304	20
6305	17
6306	12
6307	16
6308	20
6309	19
6310	16
6311	22
6312	9
6313	15
6314	16
6315	20
6316	14
6317	12
6318	16
6319	15
6320	13
6321	16
6322	15
6323	12
6324	20
6325	21
6326	19
6327	16
6328	18
6329	15
6330	9
6331	16
6332	13
6333	18
6334	16
6335	11
6336	8
6337	14
6338	10
6339	9
6340	16
6341	20
6342	21
6343	18
6344	17
6345	7
6346	17
6347	12
6348	16
6349	15
6350	8
6351	14
6352	20
6353	11
6354	12
6355	12
6356	12
6357	12
6358	23
6359	14
6360	11
6361	14
6362	12
6363	15
6364	12
6365	19
6366	12
6367	17
6368	13
6369	16
6370	14
6371	12
6372	11
6373	19
6374	10
6375	17
6376	19
6377	14
6378	14
6379	21
6380	12
6381	17
6382	17
6383	11
6384	14
6385	18
6386	13
6387	13
6388	14
6389	18
6390	14
6391	12
6392	12
6393	15
6394	19
6395	16
6396	16
6397	11
6398	19
6399	14
6400	14
6401	17
6402	18
6403	15
6404	13
6405	20
6406	12
6407	12
6408	8
6409	12
6410	14
6411	14
6412	17
6413	14
6414	11
6415	12
6416	13
6417	23
6418	18
6419	10
6420	19
6421	11
6422	13
6423	12
6424	14
6425	11
6426	14
6427	15
6428	15
6429	13
6430	10
6431	15
6432	18
6433	12
6434	16
6435	14
6436	27
6437	21
6438	12
6439	19
6440	17
6441	10
6442	8
6443	15
6444	17
6445	19
6446	16
6447	17
6448	15
6449	16
6450	18
6451	20
6452	17
6453	18
6454	14
6455	16
6456	16
6457	12
6458	16
6459	22
6460	14
6461	10
6462	21
6463	22
6464	23
6465	19
6466	20
6467	19
6468	14
6469	22
6470	20
6471	24
6472	12
6473	22
6474	19
6475	16
6476	17
6477	14
6478	20
6479	12
6480	11
6481	11
6482	10
6483	13
6484	14
6485	9
6486	14
6487	12
6488	12
6489	17
6490	13
6491	17
6492	9
6493	18
6494	17
6495	17
6496	17
6497	15
6498	8
6499	15
6500	14
6501	18
6502	16
6503	14
6504	13
6505	11
6506	8
6507	9
6508	15
6509	13
6510	14
6511	18
6512	17
6513	13
6514	12
6515	13
6516	12
6517	11
6518	17
6519	4
6520	7
6521	22
6522	14
6523	11
6524	18
6525	20
6526	18
6527	8
6528	11
6529	11
6530	14
6531	7
6532	12
6533	9
6534	6
6535	10
6536	12
6537	12
6538	13
6539	10
6540	13
6541	14
6542	7
6543	12
6544	9
6545	7
6546	11
6547	17
6548	12
6549	16
6550	14
6551	10
6552	19
6553	17
6554	12
6555	13
6556	9
6557	16
6558	12
6559	11
6560	11
6561	11
6562	11
6563	9
6564	10
6565	12
6566	9
6567	13
6568	12
6569	18
6570	22
6571	15
6572	12
6573	14
6574	17
6575	13
6576	9
6577	12
6578	10
6579	8
6580	10
6581	10
6582	11
6583	12
6584	14
6585	10
6586	19
6587	11
6588	5
6589	7
6590	14
6591	10
6592	9
6593	15
6594	8
6595	10
6596	11
6597	10
6598	9
6599	16
6600	13
6601	17
6602	10
6603	7
6604	13
6605	14
6606	10
6607	10
6608	7
6609	11
6610	9
6611	7
6612	10
6613	10
6614	17
6615	10
6616	13
6617	7
6618	7
6619	7
6620	10
6621	14
6622	11
6623	11
6624	12
6625	8
6626	13
6627	11
6628	10
6629	9
6630	11
6631	11
6632	8
6633	11
6634	9
6635	9
6636	14
6637	9
6638	4
6639	8
6640	10
6641	10
6642	12
6643	16
6644	16
6645	15
6646	9
6647	9
6648	9
6649	13
6650	9
6651	4
6652	9
6653	13
6654	12
6655	13
6656	11
6657	12
6658	12
6659	9
6660	14
6661	14
6662	18
6663	14
6664	13
6665	15
6666	15
6667	14
6668	11
6669	5
6670	11
6671	14
6672	15
6673	18
6674	17
6675	14
6676	16
6677	16
6678	11
6679	8
6680	9
6681	9
6682	11
6683	8
6684	8
6685	14
6686	19
6687	13
6688	12
6689	25
6690	16
6691	8
6692	10
6693	12
6694	10
6695	7
6696	8
6697	11
6698	9
6699	15
6700	13
6701	11
6702	13
6703	17
6704	12
6705	7
6706	15
6707	15
6708	16
6709	8
6710	12
6711	17
6712	9
6713	9
6714	9
6715	14
6716	8
6717	8
6718	7
6719	12
6720	10
6721	7
6722	7
6723	9
6724	8
6725	8
6726	7
6727	7
6728	14
6729	9
6730	10
6731	10
6732	11
6733	11
6734	10
6735	13
6736	9
6737	20
6738	10
6739	9
6740	11
6741	8
6742	15
6743	12
6744	12
6745	8
6746	11
6747	11
6748	7
6749	11
6750	10
6751	6
6752	17
6753	7
6754	10
6755	14
6756	10
6757	9
6758	10
6759	8
6760	9
6761	9
6762	14
6763	7
6764	10
6765	11
6766	13
6767	9
6768	10
6769	7
6770	8
6771	9
6772	12
6773	15
6774	7
6775	8
6776	8
6777	10
6778	15
6779	12
6780	7
6781	4
6782	6
6783	14
6784	9
6785	10
6786	9
6787	11
6788	16
6789	5
6790	13
6791	10
6792	3
6793	10
6794	7
6795	13
6796	8
6797	10
6798	11
6799	8
6800	8
6801	6
6802	3
6803	14
6804	14
6805	10
6806	14
6807	7
6808	5
6809	13
6810	5
6811	13
6812	14
6813	12
6814	14
6815	7
6816	7
6817	6
6818	16
6819	13
6820	13
6821	15
6822	4
6823	19
6824	9
6825	5
6826	8
6827	4
6828	9
6829	19
6830	4
6831	11
6832	7
6833	7
6834	10
6835	2
6836	7
6837	7
6838	8
6839	7
6840	14
6841	6
6842	15
6843	11
6844	14
6845	11
6846	12
6847	5
6848	8
6849	12
6850	13
6851	9
6852	6
6853	13
6854	6
6855	9
6856	10
6857	6
6858	6
6859	7
6860	7
6861	6
6862	12
6863	8
6864	7
6865	11
6866	8
6867	9
6868	14
6869	9
6870	12
6871	7
6872	5
6873	6
6874	3
6875	8
6876	8
6877	12
6878	13
6879	11
6880	10
6881	11
6882	8
6883	3
6884	6
6885	8
6886	8
6887	7
6888	10
6889	8
6890	10
6891	7
6892	12
6893	8
6894	8
6895	8
6896	7
6897	8
6898	10
6899	10
6900	8
6901	5
6902	15
6903	10
6904	7
6905	9
6906	8
6907	6
6908	9
6909	10
6910	5
6911	3
6912	14
6913	10
6914	8
6915	4
6916	10
6917	5
6918	10
6919	7
6920	7
6921	4
6922	10
6923	10
6924	8
6925	6
6926	8
6927	14
6928	9
6929	9
6930	6
6931	9
6932	11
6933	16
6934	7
6935	9
6936	13
6937	12
6938	9
6939	11
6940	7
6941	8
6942	10
6943	6
6944	9
6945	5
6946	12
6947	7
6948	9
6949	5
6950	7
6951	10
6952	8
6953	8
6954	6
6955	12
6956	17
6957	13
6958	11
6959	8
6960	10
6961	11
6962	8
6963	10
6964	3
6965	11
6966	7
6967	4
6968	6
6969	20
6970	8
6971	10
6972	7
6973	12
6974	7
6975	11
6976	4
6977	10
6978	8
6979	5
6980	7
6981	13
6982	13
6983	8
6984	7
6985	7
6986	8
6987	6
6988	6
6989	6
6990	15
6991	10
6992	11
6993	11
6994	8
6995	15
6996	9
6997	14
6998	10
6999	8
7000	9
7001	8
7002	7
7003	7
7004	8
7005	9
7006	5
7007	7
7008	6
7009	7
7010	13
7011	9
7012	8
7013	10
7014	5
7015	10
7016	9
7017	7
7018	10
7019	6
7020	12
7021	7
7022	9
7023	10
7024	10
7025	9
7026	9
7027	11
7028	11
7029	9
7030	9
7031	5
7032	6
7033	3
7034	3
7035	3
7036	9
7037	8
7038	8
7039	4
7040	7
7041	10
7042	12
7043	9
7044	7
7045	11
7046	4
7047	7
7048	5
7049	11
7050	9
7051	7
7052	11
7053	6
7054	6
7055	10
7056	11
7057	6
7058	10
7059	4
7060	9
7061	9
7062	7
7063	11
7064	4
7065	13
7066	10
7067	9
7068	7
7069	8
7070	13
7071	8
7072	10
7073	10
7074	9
7075	9
7076	11
7077	5
7078	9
7079	9
7080	10
7081	6
7082	7
7083	10
7084	8
7085	9
7086	11
7087	4
7088	4
7089	9
7090	5
7091	12
7092	10
7093	5
7094	4
7095	9
7096	6
7097	5
7098	13
7099	3
7100	9
7101	4
7102	9
7103	8
7104	9
7105	8
7106	10
7107	9
7108	10
7109	12
7110	12
7111	3
7112	5
7113	8
7114	6
7115	9
7116	4
7117	9
7118	9
7119	11
7120	13
7121	6
7122	9
7123	5
7124	7
7125	7
7126	10
7127	12
7128	8
7129	7
7130	10
7131	8
7132	6
7133	6
7134	8
7135	7
7136	9
7137	8
7138	11
7139	7
7140	6
7141	5
7142	11
7143	11
7144	13
7145	8
7146	11
7147	6
7148	1
7149	7
7150	8
7151	7
7152	7
7153	11
7154	11
7155	15
7156	5
7157	9
7158	12
7159	5
7160	7
7161	8
7162	6
7163	13
7164	7
7165	11
7166	9
7167	10
7168	5
7169	11
7170	7
7171	6
7172	7
7173	6
7174	8
7175	4
7176	11
7177	4
7178	10
7179	9
7180	10
7181	9
7182	12
7183	11
7184	6
7185	5
7186	6
7187	11
7188	11
7189	4
7190	8
7191	11
7192	7
7193	12
7194	10
7195	13
7196	12
7197	18
7198	16
7199	6
7200	10
7201	10
7202	10
7203	9
7204	11
7205	8
7206	10
7207	8
7208	5
7209	9
7210	6
7211	5
7212	10
7213	7
7214	6
7215	9
7216	3
7217	8
7218	8
7219	5
7220	5
7221	5
7222	9
7223	6
7224	3
7225	5
7226	5
7227	7
7228	3
7229	14
7230	9
7231	4
7232	8
7233	10
7234	5
7235	11
7236	8
7237	5
7238	10
7239	6
7240	8
7241	5
7242	5
7243	11
7244	11
7245	4
7246	13
7247	5
7248	6
7249	4
7250	8
7251	13
7252	10
7253	6
7254	7
7255	10
7256	9
7257	13
7258	12
7259	7
7260	4
7261	10
7262	7
7263	9
7264	10
7265	6
7266	6
7267	9
7268	12
7269	11
7270	7
7271	7
7272	7
7273	5
7274	9
7275	12
7276	6
7277	8
7278	7
7279	8
7280	10
7281	10
7282	6
7283	7
7284	12
7285	9
7286	12
7287	1
7288	5
7289	9
7290	9
7291	4
7292	8
7293	11
7294	6
7295	7
7296	4
7297	7
7298	10
7299	6
7300	10
7301	8
7302	8
7303	5
7304	1
7305	5
7306	8
7307	5
7308	9
7309	8
7310	11
7311	10
7312	11
7313	7
7314	7
7315	5
7316	6
7317	9
7318	8
7319	5
7320	9
7321	8
7322	10
7323	13
7324	5
7325	10
7326	15
7327	10
7328	8
7329	3
7330	6
7331	7
7332	7
7333	9
7334	6
7335	6
7336	6
7337	10
7338	7
7339	7
7340	12
7341	9
7342	11
7343	7
7344	13
7345	17
7346	12
7347	10
7348	6
7349	6
7350	9
7351	6
7352	6
7353	8
7354	7
7355	7
7356	8
7357	9
7358	6
7359	7
7360	8
7361	10
7362	7
7363	5
7364	5
7365	9
7366	9
7367	10
7368	8
7369	8
7370	7
7371	10
7372	7
7373	8
7374	12
7375	9
7376	5
7377	4
7378	5
7379	2
7380	8
7381	6
7382	1
7383	6
7384	6
7385	10
7386	3
7387	3
7388	5
7389	5
7390	12
7391	4
7392	9
7393	8
7394	5
7395	9
7396	8
7397	9
7398	3
7399	9
7400	7
7401	6
7402	9
7403	3
7404	4
7405	7
7406	6
7407	8
7408	11
7409	11
7410	6
7411	5
7412	4
7413	12
7414	7
7415	5
7416	4
7417	6
7418	4
7419	9
7420	7
7421	6
7422	7
7423	4
7424	5
7425	10
7426	6
7427	10
7428	7
7429	5
7430	10
7431	1
7432	5
7433	6
7434	13
7435	6
7436	10
7437	5
7438	3
7439	6
7440	4
7441	7
7442	8
7443	6
7444	4
7445	8
7446	8
7447	3
7448	6
7449	8
7450	3
7451	6
7452	9
7453	9
7454	7
7455	6
7456	9
7457	4
7458	3
7459	6
7460	12
7461	6
7462	6
7463	7
7464	8
7465	4
7466	7
7467	8
7468	6
7469	10
7470	5
7471	6
7472	6
7473	6
7474	6
7475	10
7476	9
7477	8
7478	4
7479	7
7480	4
7481	2
7482	10
7483	8
7484	8
7485	7
7486	10
7487	8
7488	7
7489	4
7490	9
7491	5
7492	8
7493	3
7494	6
7495	4
7496	8
7497	5
7498	6
7499	8
7500	3
7501	8
7502	5
7503	3
7504	3
7505	5
7506	8
7507	8
7508	6
7509	9
7510	7
7511	5
7512	6
7513	9
7514	8
7515	7
7516	5
7517	1
7518	10
7519	6
7520	12
7521	4
7522	5
7523	10
7524	8
7525	7
7526	7
7527	11
7528	6
7529	11
7530	5
7531	9
7532	7
7533	7
7534	7
7535	4
7536	7
7537	5
7538	2
7539	6
7540	5
7541	3
7542	7
7543	6
7544	6
7545	4
7546	6
7547	8
7548	7
7549	9
7550	4
7551	6
7552	7
7553	4
7554	5
7555	7
7556	2
7557	6
7558	2
7559	9
7560	2
7561	7
7562	6
7563	4
7564	7
7565	7
7566	7
7567	8
7568	7
7569	5
7570	5
7571	7
7572	7
7573	6
7574	9
7575	6
7576	5
7577	3
7578	5
7579	6
7580	8
7581	6
7582	7
7583	11
7584	8
7585	6
7586	5
7587	6
7588	8
7589	10
7590	6
7591	8
7592	11
7593	6
7594	7
7595	13
7596	8
7597	7
7598	9
7599	3
7600	11
7601	13
7602	10
7603	11
7604	8
7605	15
7606	6
7607	15
7608	12
7609	19
7610	15
7611	10
7612	27
7613	20
7614	19
7615	26
7616	28
7617	32
7618	44
7619	52
7620	45
7621	54
7622	75
7623	77
7624	89
7625	89
7626	113
7627	109
7628	114
7629	112
7630	147
7631	150
7632	107
7633	127
7634	143
7635	163
7636	132
7637	140
7638	133
7639	132
7640	98
7641	124
7642	106
7643	93
7644	80
7645	69
7646	55
7647	51
7648	34
7649	24
7650	24
7651	9
7652	13
7653	11
7654	11
7655	6
7656	5
7657	4
7658	6
7659	6
7660	5
7661	4
7662	1
7663	2
7664	6
7665	7
7666	3
7667	2
7668	9
7669	3
7670	6
7671	4
7672	7
7673	4
7674	3
7675	8
7676	3
7677	0
7678	6
7679	3
7680	6
7681	8
7682	1
7683	4
7684	6
7685	5
7686	6
7687	5
7688	9
7689	5
7690	1
7691	6
7692	5
7693	2
7694	4
7695	5
7696	5
7697	5
7698	6
7699	5
7700	2
7701	3
7702	3
7703	3
7704	5
7705	4
7706	2
7707	7
7708	4
7709	5
7710	4
7711	5
7712	5
7713	5
7714	7
7715	6
7716	2
7717	8
7718	3
7719	4
7720	4
7721	3
7722	3
7723	5
7724	6
7725	9
7726	6
7727	5
7728	5
7729	8
7730	3
7731	7
7732	4
7733	6
7734	8
7735	4
7736	7
7737	8
7738	7
7739	3
7740	3
7741	6
7742	2
7743	4
7744	6
7745	2
7746	4
7747	4
7748	3
7749	5
7750	5
7751	9
7752	6
7753	0
7754	5
7755	4
7756	3
7757	2
7758	5
7759	6
7760	5
7761	2
7762	8
7763	3
7764	9
7765	7
7766	1
7767	4
7768	2
7769	6
7770	7
7771	7
7772	1
7773	5
7774	4
7775	5
7776	3
7777	5
7778	6
7779	5
7780	3
7781	5
7782	5
7783	4
7784	1
7785	3
7786	5
7787	5
7788	5
7789	7
7790	5
7791	4
7792	2
7793	5
7794	3
7795	1
7796	2
7797	5
7798	3
7799	0
7800	4
7801	4
7802	2
7803	7
7804	6
7805	3
7806	5
7807	6
7808	5
7809	4
7810	1
7811	7
7812	7
7813	6
7814	8
7815	6
7816	6
7817	5
7818	8
7819	1
7820	6
7821	4
7822	8
7823	4
7824	2
7825	8
7826	2
7827	5
7828	5
7829	5
7830	6
7831	3
7832	5
7833	9
7834	6
7835	4
7836	5
7837	3
7838	4
7839	7
7840	5
7841	4
7842	3
7843	4
7844	4
7845	4
7846	2
7847	7
7848	7
7849	7
7850	7
7851	2
7852	4
7853	3
7854	6
7855	5
7856	3
7857	6
7858	4
7859	5
7860	5
7861	6
7862	6
7863	5
7864	6
7865	2
7866	11
7867	6
7868	3
7869	5
7870	5
7871	3
7872	6
7873	2
7874	6
7875	6
7876	9
7877	4
7878	7
7879	5
7880	4
7881	10
7882	4
7883	3
7884	8
7885	4
7886	8
7887	7
7888	5
7889	4
7890	12
7891	8
7892	7
7893	7
7894	10
7895	10
7896	4
7897	7
7898	5
7899	1
7900	10
7901	2
7902	5
7903	4
7904	3
7905	3
7906	4
7907	8
7908	6
7909	4
7910	4
7911	7
7912	0
7913	6
7914	6
7915	9
7916	5
7917	2
7918	3
7919	3
7920	1
7921	5
7922	6
7923	5
7924	6
7925	1
7926	6
7927	3
7928	1
7929	8
7930	3
7931	9
7932	4
7933	4
7934	7
7935	9
7936	4
7937	6
7938	8
7939	7
7940	2
7941	7
7942	3
7943	4
7944	8
7945	1
7946	12
7947	3
7948	3
7949	3
7950	8
7951	6
7952	5
7953	6
7954	3
7955	7
7956	1
7957	1
7958	3
7959	6
7960	2
7961	6
7962	5
7963	7
7964	2
7965	3
7966	5
7967	0
7968	2
7969	5
7970	4
7971	5
7972	3
7973	2
7974	2
7975	8
7976	6
7977	6
7978	8
7979	1
7980	5
7981	2
7982	6
7983	4
7984	4
7985	6
7986	6
7987	8
7988	2
7989	5
7990	7
7991	3
7992	7
7993	7
7994	5
7995	6
7996	7
7997	1
7998	4
7999	5
8000	7
8001	1
8002	4
8003	7
8004	8
8005	4
8006	5
8007	7
8008	6
8009	2
8010	6
8011	6
8012	5
8013	3
8014	3
8015	6
8016	3
8017	5
8018	3
8019	5
8020	5
8021	3
8022	11
8023	2
8024	3
8025	2
8026	6
8027	3
8028	4
8029	5
8030	0
8031	5
8032	2
8033	4
8034	5
8035	8
8036	2
8037	1
8038	4
8039	5
8040	6
8041	2
8042	4
8043	3
8044	2
8045	3
8046	8
8047	4
8048	4
8049	5
8050	3
8051	8
8052	6
8053	1
8054	4
8055	8
8056	5
8057	4
8058	8
8059	5
8060	6
8061	3
8062	2
8063	8
8064	2
8065	7
8066	3
8067	3
8068	7
8069	9
8070	6
8071	6
8072	5
8073	6
8074	4
8075	5
8076	5
8077	0
8078	7
8079	4
8080	7
8081	10
8082	6
8083	7
8084	2
8085	3
8086	3
8087	2
8088	3
8089	4
8090	4
8091	3
8092	4
8093	6
8094	4
8095	2
8096	4
8097	5
8098	5
8099	1
8100	3
8101	1
8102	7
8103	2
8104	3
8105	5
8106	3
8107	7
8108	5
8109	3
8110	5
8111	10
8112	3
8113	3
8114	4
8115	2
8116	3
8117	0
8118	0
8119	0
8120	0
8121	0
8122	0
8123	0
8124	0
8125	0
8126	0
8127	0
8128	0
8129	0
8130	0
8131	0
8132	0
8133	0
8134	0
8135	0
8136	0
8137	0
8138	0
8139	0
8140	0
8141	0
8142	0
8143	0
8144	0
8145	0
8146	0
8147	0
8148	0
8149	0
8150	0
8151	0
8152	0
8153	0
8154	0
8155	0
8156	0
8157	0
8158	0
8159	0
8160	0
8161	0
8162	0
8163	0
8164	0
8165	0
8166	0
8167	0
8168	0
8169	0
8170	0
8171	0
8172	0
8173	0
8174	0
8175	0
8176	0
8177	0
8178	0
8179	0
8180	0
8181	0
8182	0
8183	0
8184	0
8185	0
8186	0
8187	0
8188	0
8189	0
8190	0
8191	0
